1491,1
1272,1
3435,1
1590,1
1024,1
1500,1
1159,2
5298,3
5793,1
4248,2
3345,1
5590,1
1291,2
5591,1
3905,2
1805,3
4692,4
2226,5
1730,6
562,7
4747,8
5929,9
4857,10
6129,10
5720,10
2301,1
838,2
6170,3
5096,4
3935,1
3548,1
5321,1
5891,1
3547,2
3544,1
5320,1
4830,1
5199,2
2925,1
1704,1
928,1
5520,2
1753,3
869,1
2769,2
3927,3
1201,4
712,5
1396,6
1490,1
4268,2
5142,1
5467,1
658,1
4485,1
1776,2
3692,1
4369,2
3279,3
5633,1
5240,1
5856,1
432,1
913,1
4287,1
968,1
2206,2
4374,1
3488,1
3007,2
3350,3
4881,4
4068,1
4195,1
2368,2
997,1
2629,2
5204,3
1399,4
2830,5
5611,1
1105,2
316,3
2948,4
1160,1
539,2
3417,1
4611,1
2003,1
2742,2
4503,3
3334,4
1886,1
4011,1
6074,1
4375,1
2508,2
1074,1
1676,1
1835,2
5818,1
5506,1
3668,2
3414,1
1890,2
5041,3
2695,1
829,2
5867,3
5868,4
5519,1
4470,2
2753,3
2756,1
4471,2
2898,3
3800,4
2169,1
1447,1
354,2
4049,3
2775,1
4564,1
2116,1
620,1
2904,2
5954,1
5859,2
488,3
87,1
6244,1
1504,1
227,1
2721,2
168,1
2550,1
4298,1
1744,1
5357,1
5480,1
1078,2
4106,3
3233,1
3940,1
918,1
926,2
934,1
5201,1
4641,1
1859,1
694,2
3440,3
3103,4
1389,5
1100,6
685,1
4536,1
4707,1
4539,1
1795,2
2481,3
2033,4
277,5
1030,6
752,1
4728,2
282,1
798,1
5172,1
4678,2
177,1
6342,1
2271,2
4959,1
2763,1
1092,2
361,3
578,1
5681,1
686,1
6123,2
3437,1
5473,1
2193,1
1393,2
3673,1
5138,1
6228,1
151,1
3359,2
835,3
6260,1
2737,1
22,2
2213,1
5171,1
2892,2
2566,3
2551,1
5316,2
1236,1
783,1
3593,1
3728,2
6107,1
119,2
935,1
2147,1
3920,2
1775,1
2625,2
5280,3
2235,4
1364,5
2977,6
5711,1
3678,2
533,3
4430,4
112,5
5817,6
2067,7
3599,1
2306,1
52,1
3892,1
5339,1
2860,1
958,2
3030,3
3051,1
647,1
365,1
3603,1
2760,2
440,3
3507,4
1410,5
3033,6
5483,7
2357,8
745,1
1733,2
5084,3
3854,4
4608,5
3120,6
1627,1
1933,1
3560,2
5953,1
4293,2
5345,1
1837,2
2237,3
3344,4
5097,1
4625,1
392,1
599,1
117,2
3904,1
3923,2
991,3
312,4
4914,5
3694,6
1014,7
2418,8
6243,9
5517,10
5601,1
3236,2
1099,3
3189,4
4269,1
5069,1
3407,2
1907,1
4823,1
5703,2
2354,1
5741,1
3451,2
3332,1
827,2
6147,3
689,4
4029,5
602,1
1195,2
5714,3
2297,4
3137,5
3405,6
5755,7
4086,1
2713,1
6310,1
5364,1
5121,1
2909,1
4000,1
5120,2
155,3
4311,1
1903,2
5055,1
2493,2
4796,3
5554,1
1101,2
4313,1
374,1
5918,2
5082,1
4420,2
2490,1
3325,2
2840,3
747,4
3492,1
4547,2
333,3
1877,1
6130,2
3493,3
2937,1
4670,2
1475,3
6316,1
4569,1
1252,2
2429,1
856,2
2889,3
3250,1
1987,1
3148,1
1488,2
1551,1
4184,1
536,1
1180,2
912,3
322,1
821,1
382,1
1245,2
381,1
4314,1
1591,2
373,1
633,2
2586,1
1548,1
1685,1
1618,1
597,2
5797,3
1536,4
412,5
4543,6
5042,7
2413,1
719,1
3381,2
2788,3
3696,4
723,5
1747,6
5928,7
1609,1
4166,2
5593,3
1542,4
3039,5
2578,6
1022,7
5542,8
3240,9
2657,10
3479,10
1018,10
5210,10
2792,10
5492,10
459,1
4176,2
1281,3
716,4
3037,5
1935,6
3698,1
1015,2
1746,3
4451,4
1608,5
916,1
5491,2
2839,3
2728,4
485,1
3632,2
6120,3
4766,1
397,1
909,1
771,2
2614,1
811,1
4896,1
5967,1
4491,1
3187,1
128,1
129,2
130,1
6095,2
1341,1
461,2
5735,1
1224,2
4159,3
4674,1
898,1
4610,2
4938,1
3745,2
4156,3
4971,4
5833,1
1989,2
5007,1
4318,1
2290,1
1663,1
5779,1
1767,1
2622,1
5398,2
5371,3
2017,4
2246,5
5651,6
3209,1
1378,1
5589,2
1701,1
662,2
1910,3
1529,4
6284,1
944,2
305,1
2305,1
3494,1
3140,1
4130,2
4842,3
1448,4
5040,1
1363,1
3245,1
718,2
4301,1
4270,2
5438,3
2980,1
3067,1
2619,1
1752,1
5039,2
2932,1
2930,2
5656,1
5796,1
888,2
5044,1
4180,1
3755,2
3450,1
5319,1
1083,2
2335,3
596,4
4414,5
5324,6
1067,7
4101,8
3527,9
4868,10
5922,10
4558,10
176,10
5165,10
5164,10
4653,10
4850,10
560,1
2477,1
3636,2
4225,3
2343,4
1431,5
2914,1
558,2
1540,3
4423,4
4953,5
2106,6
6061,1
3208,2
870,1
819,1
820,2
5716,3
2098,4
5283,1
2744,2
728,3
139,1
3985,1
4328,1
1728,2
4513,3
1689,4
915,5
528,6
3429,1
5080,2
2610,3
948,1
5641,1
2993,1
2016,1
4998,2
4387,1
4386,2
4385,3
1530,1
5462,1
2517,1
611,1
563,1
848,2
727,1
720,2
4584,3
847,1
1021,2
6142,3
5688,4
544,5
5513,6
1017,7
4398,1
2428,1
1545,2
2906,3
715,4
2818,5
1607,6
1745,7
1016,8
1912,9
2790,10
1282,1
159,1
2543,1
2075,1
4245,1
2522,2
5510,1
3842,1
5365,1
295,1
3008,1
5522,1
4668,2
4308,1
1622,2
1754,3
836,4
5369,1
1801,1
2676,2
5152,1
2957,2
4501,3
550,4
3704,5
6177,1
2187,1
1135,2
2626,1
5318,1
1223,2
1480,1
2699,2
1667,1
1688,2
3348,3
1157,1
2018,2
4647,3
3072,1
5502,2
5026,1
4174,1
5266,2
6192,3
5764,1
3099,2
2117,3
6296,1
707,1
6102,1
3392,1
5901,1
2345,1
2743,1
3495,2
3814,3
4743,1
5560,1
3930,2
1616,1
4517,2
5943,3
955,1
1532,2
1696,1
4487,2
5708,3
3549,4
4634,5
5939,1
2434,1
2181,1
4060,1
2346,2
1659,1
3306,1
5882,2
1913,1
414,1
4459,1
1287,1
1288,2
27,1
1893,1
646,2
2851,1
572,1
5024,1
2047,1
4947,2
335,3
2751,4
1276,5
3309,6
3995,7
5547,1
5478,1
4658,1
433,1
3818,1
190,1
3941,1
225,1
2396,1
2828,2
3697,3
797,1
4773,2
1243,1
4428,1
5081,2
1927,3
4153,1
5368,2
4865,3
453,1
5034,1
4012,1
3502,1
5197,2
1943,1
2296,1
6357,1
2480,1
5076,1
1090,1
2905,2
1690,1
4189,1
4188,2
932,1
420,1
2620,2
4001,3
3677,1
469,1
2541,1
5187,1
1651,1
5140,1
1975,1
808,1
3223,2
6171,3
464,1
5186,1
639,1
2105,1
3272,1
1509,1
2066,1
1454,1
4563,2
1958,3
1161,1
5920,1
3749,1
691,1
4777,1
4776,1
4794,1
3463,2
921,1
4297,2
411,3
6079,4
4793,5
4566,1
4077,1
2767,2
4780,1
325,2
5323,1
1087,1
1211,2
324,3
3354,4
2118,5
1446,6
351,7
1895,8
4779,9
4665,1
2827,2
4616,3
5994,1
3868,2
4695,3
1687,4
2520,1
2770,2
2219,3
2302,4
5322,5
2030,6
1013,7
2069,1
713,2
4636,3
2605,4
751,1
1373,2
5958,1
1523,2
4038,1
4557,2
2659,1
2976,2
3181,3
5159,1
1349,2
787,3
3251,4
4727,5
1873,6
2747,7
4221,8
2758,9
1653,1
4085,1
3117,1
1633,1
1857,1
465,1
471,1
1194,2
3108,1
4196,2
598,3
1941,4
3478,5
6101,6
1461,1
730,1
4900,1
1415,2
6172,1
5498,1
3027,1
561,2
3861,3
2339,4
3311,1
897,1
3899,1
3116,1
538,1
5853,1
2172,1
2344,1
4041,2
1328,3
4402,4
6215,5
1865,6
1882,7
6255,1
1110,1
3423,1
4863,2
687,3
1874,1
4378,1
4873,2
3167,1
1405,2
4278,1
5421,1
5418,1
3823,1
4346,1
775,1
1546,2
850,3
4302,4
3302,5
724,6
3532,7
1748,8
5993,9
4277,10
924,10
163,10
2230,1
628,2
5931,3
3161,4
2215,1
4504,2
1103,3
1867,4
2102,5
4603,6
1128,1
1250,1
1843,1
3887,2
6163,3
5605,1
2776,2
6059,3
1200,4
2462,5
2757,1
2209,2
1707,3
3244,1
3010,1
1442,2
5827,3
5038,1
3901,1
773,2
6122,3
3773,1
5961,2
4154,3
5315,1
472,1
5183,2
511,1
2327,1
5880,1
118,1
4633,1
146,1
1141,2
2876,3
4530,1
3748,1
1888,1
5306,1
5360,1
2986,1
5372,1
5299,1
2267,2
4609,3
4783,1
2135,1
504,1
2689,2
5113,1
3305,1
969,1
3596,1
3747,1
5707,2
4179,3
5524,1
735,2
3634,1
3303,2
5208,1
4672,1
5634,1
5131,2
5671,1
1096,1
3784,1
5220,1
2548,1
2637,1
4781,2
1178,3
4836,1
6070,1
4226,1
4150,1
4498,1
1677,1
3943,1
6332,1
342,1
846,1
1990,1
3540,2
697,3
5749,4
3057,5
3836,1
4143,2
688,1
4407,1
4667,1
801,1
1261,2
4016,3
4909,1
5829,2
4018,3
2675,4
6305,1
3669,2
635,3
1961,1
1997,1
346,1
4982,2
5704,1
2291,1
4064,2
3164,1
2565,2
83,1
5350,1
1351,1
664,2
1982,3
690,1
4939,2
4740,3
4570,4
5760,5
1008,6
3982,7
3983,8
1255,1
998,2
3000,1
5253,1
858,1
3473,2
2350,1
2752,2
1220,3
5903,1
5227,1
1246,1
6012,1
1259,2
2576,1
4870,1
1155,1
661,2
3276,3
4632,4
4561,5
5335,6
5359,7
5874,8
252,9
5460,1
2596,2
3321,1
4379,2
1039,3
1853,4
100,1
5123,1
2423,1
4733,1
3384,2
3126,1
2931,2
4437,3
3975,4
4351,5
1751,6
929,1
1977,1
2793,2
5214,3
4240,4
5635,5
3655,1
5730,1
2894,1
1394,2
178,3
4606,1
1811,1
5388,2
5442,3
1784,4
984,5
5795,6
2254,7
3611,1
4271,2
1433,3
2272,4
451,5
2849,6
315,7
2244,8
3533,9
6313,10
1032,10
2740,10
5328,10
729,10
2847,1
5715,2
979,3
3146,4
1004,5
6246,6
5718,1
3157,1
3262,1
5337,1
4135,1
4136,2
59,1
4885,2
4612,1
3713,1
23,1
3391,1
5706,2
1626,3
2163,4
5860,5
4699,1
3089,2
137,3
3534,4
5185,5
748,1
1060,2
268,1
708,2
3469,3
2764,4
2056,1
1271,1
2227,1
2456,2
3060,3
2252,4
3775,5
3955,1
4827,1
5279,2
344,1
4082,1
2982,1
972,2
3461,1
2936,1
1040,2
4675,1
1265,2
1906,1
1120,1
2635,2
4858,3
3801,4
4111,5
3401,1
6116,2
45,3
2108,4
3064,5
5223,1
5195,1
1948,1
678,2
4719,3
5309,1
1398,1
3009,1
4110,2
2476,1
4062,1
115,1
1132,2
5292,3
1253,4
3156,5
6194,1
3837,1
2845,1
4910,2
2557,3
473,1
2910,1
5944,2
3503,3
4212,4
1781,5
760,6
1192,7
5977,8
164,9
5911,10
4205,10
4835,1
5645,2
6183,3
2077,4
3565,5
5982,1
2649,1
2299,2
4027,3
4096,4
2580,5
1028,6
3514,7
3062,8
121,9
127,10
4512,1
3380,2
1573,1
2211,2
3419,3
1263,1
4912,2
3179,1
608,2
1755,1
1829,2
3933,3
2369,1
2514,1
1436,1
5275,2
1963,3
2486,1
4202,2
2260,3
5137,4
3066,1
143,1
4645,1
917,1
2082,1
1240,1
2745,1
4045,1
124,2
3515,3
5657,1
4457,2
4238,1
388,1
6106,2
5677,3
1301,4
5260,5
1486,1
6319,1
6320,2
4121,1
149,2
4365,1
1339,2
953,3
3732,4
757,5
1290,6
2796,7
1184,8
6225,1
1317,1
5443,2
3928,3
390,4
2908,5
5114,1
4208,1
6056,2
2533,1
3191,1
3029,2
393,1
3931,2
5313,1
5910,1
4813,1
2907,2
2561,1
2648,2
5094,3
4790,4
1684,5
2270,1
456,2
6180,3
1186,1
5539,2
2092,3
2414,1
2805,1
1156,2
4233,3
2660,4
2698,5
3328,1
1185,2
3487,3
5898,1
5822,2
4017,3
2304,4
2859,1
2661,2
5489,1
3744,1
6117,2
2020,3
4623,1
4832,1
5964,1
2019,2
3127,3
4792,1
2772,1
5486,1
3638,2
2031,1
832,1
3623,2
4128,3
4839,1
2104,1
3232,1
6131,1
1517,1
3756,1
3558,1
4013,1
6173,1
445,2
4190,1
2263,1
2683,1
435,1
6241,1
6189,2
4495,1
1295,1
4108,1
5587,1
3098,1
992,2
3785,1
5925,1
4072,2
4440,1
4511,2
3966,1
777,2
2621,3
4412,1
4595,2
3592,1
776,2
3107,3
4257,4
978,5
5924,6
1674,7
3979,8
384,9
6330,10
3890,10
1505,10
371,10
1006,10
1508,10
817,10
293,10
927,10
862,1
1695,2
4594,3
6292,4
4702,1
5290,2
4175,1
6196,1
3459,2
4030,1
4286,2
6264,1
5826,1
3895,1
297,1
2880,2
6191,3
1009,4
3427,1
1209,2
4837,1
1834,2
6086,1
3898,1
5022,2
5562,3
5556,1
4767,1
441,1
889,1
3657,2
2768,1
490,1
1449,1
1881,1
2011,1
496,2
230,3
4972,4
4079,1
5508,2
5700,1
3838,2
2491,1
3366,2
2613,3
4723,4
5699,1
5200,1
5746,2
214,1
746,2
5602,3
4604,1
1946,1
4753,1
2045,1
2600,2
4461,3
3625,4
769,5
1519,6
532,7
4455,8
2730,9
358,10
4377,10
1574,10
1709,1
2774,2
3718,3
954,1
2861,1
2071,2
5099,3
2537,4
4932,5
60,1
625,1
2229,2
2895,3
3241,4
3656,5
5761,6
6174,1
3841,1
6274,2
6303,3
2087,1
5291,1
2786,1
308,1
2923,1
424,2
5650,3
1247,1
3652,1
1418,1
3123,1
1298,2
4734,1
881,1
3504,2
413,3
1299,1
4924,2
605,1
480,2
5546,1
2726,1
1711,2
5559,3
2484,4
463,5
430,6
3946,7
4791,8
3858,9
5493,10
5249,1
2424,1
2425,1
3040,1
448,2
1693,3
1889,1
1218,1
1692,2
248,3
4352,1
2483,1
2277,1
4898,1
4216,1
3005,1
3938,2
1085,1
3147,2
5738,1
4514,2
4292,3
2112,1
2679,1
428,2
340,3
3839,4
4997,5
1957,1
5391,2
3792,3
1043,1
5112,2
6262,3
2236,4
4671,1
3464,1
849,1
2579,2
2256,1
4419,2
1170,1
853,1
1019,1
4214,1
2269,2
1118,1
4523,2
1522,3
5312,4
3393,1
1945,2
5632,1
5282,1
4627,2
2955,1
3285,1
5180,2
3511,1
1432,2
3996,1
2352,1
1173,2
2463,3
3428,1
2789,2
6076,1
2499,1
960,2
3076,3
834,4
3242,5
2574,6
1584,7
645,8
1823,9
2259,10
4786,10
3368,10
269,10
4201,10
4200,10
3783,1
2253,2
1153,3
1585,4
5694,1
5285,1
5490,1
3876,1
3870,1
3889,2
3441,3
2690,4
1577,1
3310,1
2134,2
2351,3
4113,4
4908,5
5207,1
3185,1
4477,2
1042,1
3083,2
634,3
2555,4
3758,5
3937,6
3903,7
2539,8
1513,9
6089,10
6176,10
2530,10
2149,10
2136,1
3759,2
1041,3
4936,4
3929,5
479,6
102,1
537,1
6334,2
4860,1
1239,2
3539,1
4452,2
5390,1
6124,1
1995,1
5252,1
749,1
4963,2
3304,1
1421,1
2761,1
950,1
1831,1
35,1
416,1
2544,2
4489,1
474,1
4236,1
4567,2
5676,3
4640,1
4119,1
3506,1
5952,1
1138,2
6226,3
1302,4
6077,1
2274,2
5575,3
1960,4
4961,5
4742,1
5974,2
5551,3
4907,4
2399,5
5869,1
313,1
3840,2
4905,3
5946,4
6011,1
3118,1
4685,1
4167,1
3466,2
3825,3
3448,4
5109,5
653,6
2731,7
3465,1
2592,2
1764,1
3701,1
4253,1
4841,1
3973,1
134,1
828,1
5293,1
4956,1
4545,1
3238,1
2138,1
717,1
6127,1
4902,1
3661,2
5304,1
904,1
99,1
4040,2
906,1
1737,2
65,1
5148,1
5902,1
3239,1
660,2
4320,1
3143,1
4624,2
5998,3
5996,1
6322,2
5597,3
2332,1
1722,2
2968,1
1533,2
4768,3
4206,4
6245,5
4222,6
3629,1
2735,2
4648,3
3006,4
5668,5
2085,1
2590,1
3235,2
2400,1
1440,1
3048,1
878,2
4705,1
1506,1
4400,1
2255,1
5544,1
431,1
2411,1
1489,2
5750,3
3054,4
4134,1
53,1
4235,1
2124,2
1828,1
756,1
3021,1
4519,1
5167,1
2785,1
4219,1
4021,2
796,1
5997,1
4093,1
2807,2
1768,1
3231,2
2189,3
6105,4
5233,1
1520,2
2678,1
559,2
6341,1
5824,2
5193,3
5237,4
6075,5
6190,6
6055,7
5501,8
4937,1
4384,2
1235,1
3914,1
3974,2
1059,1
4247,2
5030,1
3063,1
4283,2
1136,3
2585,1
663,1
3023,1
3613,1
1979,2
2779,1
788,2
2927,3
2926,4
2518,5
5206,6
1553,1
4646,2
4761,3
1388,4
3154,5
1412,6
2406,1
6340,2
4811,3
3702,1
4555,2
1575,3
6161,1
1168,2
5402,1
1048,2
239,3
3538,4
3315,5
4476,6
1680,1
3395,2
2706,1
2340,1
3844,1
2604,1
4138,2
905,3
2433,4
1122,5
2494,6
3537,7
5905,8
1959,9
1079,1
3543,2
3356,3
1875,4
2091,5
2093,6
3329,7
3300,8
3545,1
1492,2
986,3
3252,4
1830,1
3168,2
4642,1
4680,1
1758,2
4704,1
4673,1
722,2
726,1
5198,2
5059,1
959,1
4217,1
6208,2
1705,3
4173,4
914,1
5535,2
3598,1
1638,1
4358,1
2404,1
2482,2
4926,3
6022,1
5840,1
3132,2
2787,1
2111,1
5464,2
1691,1
4435,1
4676,1
2738,2
5855,3
4168,4
3804,1
2060,1
4395,1
3267,1
2884,2
1714,1
966,1
6162,2
3265,3
4291,1
5355,1
1983,2
2081,3
1818,4
4427,5
4125,6
1713,1
2824,2
3531,3
6273,4
286,1
4185,1
3911,2
5392,1
167,2
1643,3
2232,4
3298,5
4237,6
5504,7
3338,8
5075,9
9,1
3152,2
1672,1
6013,1
1124,2
3591,1
4995,2
4304,3
4906,1
1460,1
4679,2
4107,1
3888,1
1012,2
3316,3
5973,1
398,2
4239,1
1403,1
5083,2
973,3
5477,4
6081,1
1932,1
3764,1
1812,1
1233,2
2651,3
5149,4
1560,5
1402,6
1400,7
2266,8
3968,9
1176,1
4877,2
1985,3
2228,4
3104,5
5222,6
2819,7
2654,8
3,9
4810,10
264,10
5776,10
5430,1
3686,2
2426,3
5661,1
767,2
6052,3
5705,1
5775,1
3750,1
5070,2
2261,3
3431,1
301,1
5295,2
2214,3
3691,1
370,1
2280,1
975,1
919,2
3934,1
671,1
1392,2
636,1
5648,1
4097,2
5965,3
2417,4
3266,5
2198,1
4399,2
1357,3
825,1
2197,2
4084,1
5808,1
764,2
3615,1
327,1
1127,2
2808,1
3763,1
5667,2
4828,3
3875,1
71,1
1106,1
2285,2
5545,3
77,4
1871,5
5106,6
5219,1
6159,1
2746,1
1598,1
5679,1
5529,1
2572,1
2573,1
3649,1
475,2
233,1
3280,1
3726,1
5637,1
1524,1
1324,2
1541,3
569,1
2317,1
4946,2
2935,3
5701,1
3378,2
2527,1
1905,2
3859,3
2367,1
4565,2
1269,1
3320,2
278,3
5136,4
4042,5
1370,6
650,7
4094,8
2850,9
2853,10
3936,10
460,10
120,10
122,10
5537,10
125,10
6091,10
6175,10
5649,10
4925,10
2677,10
5465,10
923,10
6252,1
761,1
3520,2
5348,1
5744,1
3886,2
3830,3
5697,4
1594,1
6336,2
3924,3
2928,4
4829,1
4182,1
2086,1
5456,2
131,1
3174,2
3055,1
1164,1
2374,1
5326,2
1123,3
2606,1
94,2
43,1
2239,1
4599,2
2950,1
73,2
3261,1
3741,1
203,1
1507,2
4494,1
1586,2
5154,3
287,4
3034,1
2005,2
762,1
3878,2
4032,3
1169,4
1035,5
2061,1
3553,2
2958,3
2287,4
4544,1
5794,1
2693,2
5846,1
2809,1
6037,1
902,1
2725,1
2438,2
696,3
36,4
3260,1
6223,2
5058,1
5966,2
394,3
2123,1
3259,1
6351,1
1788,1
3462,1
1570,1
4509,1
900,1
2436,1
2376,1
86,1
1996,2
5124,1
2140,1
3472,1
4984,1
5813,1
1430,2
2999,1
3455,2
4772,1
104,2
3065,1
833,1
3643,2
2995,3
3617,4
10,1
1,1
709,1
2282,1
4677,1
3761,2
4276,3
1179,4
391,1
2540,2
3695,3
4713,4
5758,1
2778,1
554,2
3052,3
4718,4
3278,5
5370,1
2028,1
76,1
2920,2
1251,1
4806,1
4260,1
4228,2
4078,3
2258,1
2542,1
6050,2
1422,1
2389,1
5670,1
482,1
5139,2
3622,1
911,2
6302,1
110,1
741,1
516,1
6257,1
4901,1
5263,2
97,1
4057,1
4009,1
705,1
2041,2
2421,3
387,4
3071,1
4338,1
557,1
903,1
885,1
497,1
3011,2
6329,1
5407,1
3084,2
2536,1
2043,2
6335,1
3176,2
3144,1
5528,1
5607,1
768,1
4825,2
1760,3
1352,1
3074,2
3443,3
3036,1
6298,2
4874,1
1700,1
1097,2
1706,3
2126,4
206,5
193,6
5181,7
4787,1
3913,2
3866,3
4425,4
6271,1
758,2
4279,1
2496,1
5865,1
3224,2
2242,3
4664,1
5432,2
5647,3
6214,1
5245,1
1885,1
4127,1
2956,2
3324,3
2885,4
1956,1
2617,1
1839,2
1716,1
4122,1
677,1
1580,1
3666,2
4607,1
3921,2
680,3
5182,1
5579,1
1779,1
3263,1
1731,1
314,2
3986,1
4025,2
6308,3
3422,1
311,2
4147,3
3563,4
2733,5
1082,1
4744,2
957,1
6093,1
1802,1
601,1
3418,1
1275,2
3058,3
1601,1
1703,2
1991,1
4413,2
5754,3
6110,1
2485,1
2624,2
4186,3
4152,1
824,1
839,1
1345,2
887,1
3149,1
5991,1
590,1
261,1
6278,1
4785,1
2755,1
4614,1
5696,1
5043,1
1647,1
3902,2
3255,3
1254,4
1242,5
3720,6
5976,1
940,2
2390,1
1579,1
4035,2
4333,3
5731,1
6026,2
1443,1
1694,1
2708,2
298,3
2972,1
2973,2
2970,3
2971,4
6031,5
2453,1
5644,1
4891,1
2120,1
1904,2
5518,1
6231,2
6186,3
5912,1
5277,1
1362,1
5481,2
5774,1
5001,1
1645,1
933,1
3088,1
5646,2
3362,1
3032,1
1521,1
5584,1
5538,1
3449,1
5311,1
2388,1
4590,2
4700,3
4821,1
4305,2
4410,3
1199,1
4966,1
5809,2
1769,3
4615,1
4955,1
5512,1
6126,1
3703,1
5349,1
733,1
5582,1
4088,1
4964,1
2470,1
2704,1
5062,2
1628,1
2615,1
2858,1
1576,1
4657,1
4348,1
2090,1
1821,1
5203,1
6261,1
4172,1
871,1
4483,1
5488,1
2546,1
4862,1
4577,1
1367,1
3017,2
3035,3
4496,1
4571,1
2281,1
5246,2
938,1
1183,1
1909,1
5877,1
3831,1
1964,1
3716,2
4529,1
1583,1
331,2
5581,1
6235,1
4140,1
883,1
2461,1
6181,1
240,1
3529,1
2143,1
5514,1
4444,1
368,2
5627,1
1423,1
3588,1
4115,1
3550,1
5092,1
4838,1
1552,1
5281,1
6345,2
271,1
4263,1
603,2
1356,1
1081,2
321,1
3439,1
1797,1
1527,1
2628,1
4076,2
6204,1
5356,2
4401,1
5017,1
2408,2
3424,3
2201,1
2323,1
3725,1
3230,2
152,3
2009,4
4735,1
657,1
5005,1
5025,1
357,1
826,1
1668,2
649,1
1203,1
1411,1
813,1
3824,2
1603,1
2575,1
2501,2
5422,3
175,1
541,1
3580,1
6158,1
3386,1
4970,2
3753,1
4818,1
2089,1
4061,1
6236,1
5248,1
3949,1
5273,1
2384,1
2773,1
5672,1
623,1
1514,1
6035,2
2871,1
2989,2
4582,1
5549,1
6138,1
5160,1
1661,1
4290,1
1721,1
5572,1
3387,1
1494,2
6164,3
4662,4
6165,1
6354,1
2844,2
4649,3
3582,4
6220,5
5747,1
5463,1
3852,2
2325,3
5048,4
5618,1
5619,2
5623,3
5617,4
5621,5
5620,6
4370,7
5622,8
5267,1
6099,2
3248,3
524,1
1329,1
1336,1
4840,1
1383,1
4090,1
326,1
3173,1
3042,1
2820,1
1296,2
3018,1
6072,2
4736,1
4748,1
4429,2
5916,3
5089,1
1313,2
4711,3
3794,4
4335,5
3091,6
4875,1
4759,2
2577,3
1846,4
4473,5
4344,6
3155,1
6185,1
4480,1
1539,1
6227,1
4421,1
4432,2
3581,1
4288,2
2593,3
2382,1
4502,2
4834,1
4958,1
5258,2
3022,1
5274,1
4397,2
1053,1
2129,1
5494,1
4372,1
455,1
3229,1
4157,2
1360,3
142,1
1724,1
5985,1
4229,2
3028,3
3862,1
5988,1
3323,1
4019,1
3206,1
860,1
652,1
5923,1
1344,1
3799,1
3650,1
3430,1
5173,1
1464,1
254,2
1213,1
5441,2
861,1
4259,2
3519,1
454,2
5913,1
2857,1
6240,1
6347,1
5729,1
3442,1
2313,1
2739,1
4556,1
6084,2
3410,1
4331,1
1163,2
3481,1
1407,1
1516,1
339,2
5107,1
4831,1
5680,1
5063,2
552,1
2131,1
3874,1
4731,1
4294,1
2797,1
3957,1
1759,2
2288,1
5548,1
3827,1
6145,1
2703,1
6348,1
1322,1
231,1
6216,1
4434,1
2869,1
1848,1
3688,1
228,1
3327,1
3884,1
4405,2
6259,1
6144,1
619,1
4975,1
5915,1
1738,2
4933,3
3085,1
1277,1
1732,1
1371,1
3987,2
1311,3
1458,1
3467,1
6356,1
1397,1
5687,2
3564,1
1346,1
3106,1
4023,1
4445,1
1274,1
2387,2
2207,1
6318,1
4992,1
1806,1
1902,2
5733,1
2096,1
1308,1
2564,1
3335,1
3857,1
2667,1
535,2
5270,3
2479,4
3394,1
4112,1
5362,1
4010,1
4213,1
1866,1
2903,1
5271,1
5568,1
4337,1
2952,1
3373,1
2891,2
5616,1
1766,1
791,1
6179,1
4449,1
3483,1
4450,2
3546,1
5832,2
622,1
2922,2
4918,3
6233,1
4546,2
1710,1
990,2
6343,1
5406,1
1589,1
4751,1
3043,2
4126,1
5978,1
3053,1
3199,2
3020,3
6137,1
2900,1
5654,1
5585,1
5102,1
3961,2
925,1
3730,2
1280,1
5990,1
1172,1
2487,1
3768,1
2331,2
4371,3
1723,4
6092,1
5863,1
6054,1
1771,1
6198,1
4336,1
4339,1
1226,1
5643,1
4241,2
1697,1
1640,1
3567,1
5307,1
6140,1
2504,1
5693,1
489,1
419,1
5078,1
3100,1
5844,1
3015,1
4141,1
1474,1
2403,1
4139,1
2422,1
4255,2
1027,1
3012,1
5294,1
4717,1
5659,1
1891,1
2035,1
626,1
2084,1
1613,1
3509,1
4689,1
5909,1
3556,1
2603,1
5935,1
2978,1
5242,1
3498,1
4347,1
3601,1
1965,1
6100,1
2710,1
549,2
2960,1
802,1
1476,1
1698,1
3499,1
1193,1
6047,1
4458,1
3786,2
6352,1
2826,1
2168,1
434,1
5496,1
896,1
1898,1
595,2
3282,3
5864,1
3409,1
4854,1
5606,1
6016,2
2528,1
4549,1
5515,2
1860,1
2027,2
3121,3
1361,4
3772,1
2702,1
1736,2
5756,1
3396,2
5842,1
3411,2
5272,1
2893,2
5067,1
5435,2
5168,3
2919,4
5571,5
5236,6
5748,7
4853,1
6210,1
6326,1
4824,2
5933,3
3484,4
5851,1
6218,2
4403,1
3999,1
5839,1
591,1
2588,2
1266,1
3919,2
402,1
4411,2
3766,1
272,1
1796,1
404,1
564,1
4243,2
1920,1
1921,2
1919,3
1918,4
1922,5
1923,6
1924,7
1925,8
1926,9
1928,10
1929,10
1915,10
1917,10
1916,10
3944,1
1872,1
4474,1
4833,1
5600,1
2526,1
5531,1
5828,1
6267,1
5624,1
6135,2
2803,1
3574,1
3572,1
2264,1
3760,1
5854,1
5378,2
3715,1
2946,1
4053,2
5050,1
1452,1
6350,1
179,1
2337,1
1858,1
1337,1
353,1
4044,1
4137,2
4978,1
542,1
4482,1
2363,1
5639,1
1283,1
194,1
6002,1
5927,1
3918,1
5926,1
5194,1
2355,1
3687,1
5949,2
3850,1
1852,1
5811,1
401,1
1340,1
4534,1
3721,1
3722,1
2334,1
5550,1
495,1
1289,1
5896,1
1939,1
2338,1
6270,1
1044,2
5288,1
5565,2
1999,1
5861,2
2002,1
1502,1
4092,1
3774,2
4892,3
6168,4
4540,5
5812,6
3497,1
1331,2
527,1
5015,1
1942,1
1451,1
1952,1
6309,1
4686,1
3586,1
3853,2
5899,3
5338,4
6069,5
1416,6
3198,7
4882,1
1001,2
2293,1
1682,2
5553,3
2407,1
3700,2
2166,3
2554,4
5783,5
4752,1
2298,1
3765,2
5189,1
2202,1
4934,2
2642,3
5351,1
377,2
3512,1
4507,1
3318,1
2975,2
6148,1
2924,2
3863,1
3571,2
2107,3
4916,4
6324,1
3175,2
4364,1
4319,1
4149,2
1387,1
1657,2
1368,1
2944,1
375,1
2360,1
1315,1
3458,1
2398,1
1089,1
5962,1
2025,1
2503,1
4879,1
2036,1
4935,1
1204,1
5569,1
5132,1
2631,1
1782,1
5561,1
5476,1
5989,2
4506,1
2083,1
156,1
2204,1
4215,1
2110,1
4560,2
245,1
5329,1
5016,1
3813,1
2992,2
1825,1
5934,2
6288,3
553,1
4596,1
907,2
4197,1
3194,2
330,1
1914,2
750,1
3787,1
4486,1
1453,1
1466,1
5850,2
5608,3
5134,1
5956,1
5852,1
4535,1
2127,1
5897,2
5212,1
4542,1
5037,1
1911,1
2178,2
2979,3
6178,4
2594,1
901,1
5065,1
5027,1
5426,1
4849,1
5801,1
893,1
1444,1
2310,1
987,1
1544,1
2829,2
2199,1
988,2
1563,3
1798,1
2318,1
355,1
5683,1
4162,1
4160,1
3727,1
4655,1
1862,1
781,1
5019,1
4436,1
6143,1
5516,1
4227,1
4231,1
4164,1
4526,1
1175,1
3803,1
6207,1
1817,1
1581,1
274,1
181,1
5405,1
4656,2
3038,1
830,1
2547,1
5820,1
3228,1
2175,1
4996,1
3369,1
2568,1
2556,1
1319,1
1962,1
1314,1
1310,1
982,1
2680,1
2053,1
5766,1
5009,1
1320,1
5787,1
1604,1
2448,1
3978,1
4919,1
5552,1
676,1
3079,1
1644,1
5810,1
4661,1
3489,1
1868,1
5595,1
2877,1
6254,1
6136,1
6141,1
4510,1
5010,1
1718,1
3385,1
2692,1
5011,1
1550,1
2794,1
1600,1
6222,1
5331,1
1599,1
1554,1
5975,2
2854,1
1482,1
6276,1
4929,1
818,1
2394,1
5064,1
1470,1
403,1
4281,1
807,1
3608,1
3660,2
2231,1
140,1
3679,1
806,1
877,1
2489,1
6333,1
530,1
843,1
1406,1
3798,1
3404,1
6301,1
5713,1
1137,1
1093,1
1051,1
1158,2
1316,3
5129,4
2195,5
2681,6
804,7
6029,1
3293,2
366,1
2662,1
5379,1
2672,1
5719,1
2714,2
1838,3
2645,4
2186,5
4986,6
1414,7
5334,8
2076,1
4223,2
3485,1
3119,1
1034,2
1535,1
3291,2
5663,1
5247,1
517,2
4973,3
6015,1
352,2
1954,1
1465,1
2068,1
3112,2
2671,1
1969,1
667,2
4391,3
3681,4
1273,5
260,6
3193,7
2391,8
2759,9
54,1
1380,2
5598,1
5625,2
6098,3
2474,1
3136,1
3508,1
6139,1
3207,1
3712,1
5739,1
638,1
5400,1
6042,1
2806,1
2711,1
983,1
743,1
5358,1
3080,1
981,1
5767,1
2052,2
5893,1
4538,1
4531,1
1569,1
2150,1
2864,2
1047,3
6359,4
4943,1
5213,1
936,1
3433,1
5507,1
6251,1
5395,1
780,1
5596,1
5690,1
1564,1
4448,1
882,1
2969,1
5122,1
5675,1
1750,2
462,1
5968,1
5969,1
2882,1
2694,1
1472,1
5610,1
3313,1
1131,1
2964,1
6289,1
5330,1
165,1
3708,1
3706,2
4798,1
3956,1
4343,1
3331,1
2841,1
884,2
1772,1
217,1
6315,1
4340,1
4342,1
4177,1
5995,1
6203,1
5762,1
6202,2
4515,1
1334,1
3967,1
3864,1
450,1
5917,1
2822,1
5894,1
3552,2
5006,3
184,1
3471,1
5104,2
3031,1
5789,1
6199,2
6201,1
3602,1
288,1
4087,1
2505,1
4341,1
5224,1
5886,1
5308,1
5835,1
4409,1
1434,1
5815,2
5890,1
4917,1
3438,1
3090,1
1617,1
575,1
3398,1
5872,1
3981,1
2180,1
6268,1
6021,1
2838,1
6020,1
2410,1
2571,1
4250,1
2141,1
6019,1
5450,1
5415,1
3559,2
5002,1
995,1
1615,1
577,1
6009,1
5788,1
2200,1
4979,1
4099,1
2308,1
2644,1
3729,1
3709,1
6328,1
793,1
744,1
4464,1
197,1
3162,1
3717,1
4059,2
6297,1
2855,2
188,1
189,1
4036,1
5785,1
6327,1
4171,2
1152,1
1683,1
3925,1
555,1
2278,2
241,1
4602,1
2392,1
4102,1
6331,1
2951,1
2996,1
4954,1
2385,1
4550,1
1793,1
1820,1
3258,1
6132,1
294,1
1095,1
5814,2
3211,3
4889,1
2050,1
886,1
6024,1
4904,1
1318,1
467,1
2046,1
2915,1
2170,1
5984,1
5278,1
5523,1
2037,1
3573,1
1629,1
5592,1
2008,1
4552,2
5759,1
6338,1
2843,1
1515,1
6051,1
803,1
1562,1
2251,2
6294,1
4871,2
1557,3
4098,4
5190,5
4521,6
2004,7
4782,8
4820,1
2506,1
5259,1
5875,1
4155,1
3227,1
4554,2
642,1
1986,1
937,1
3723,2
1372,1
4652,2
5387,1
3470,1
1770,1
1894,1
5091,1
2985,1
2516,1
4957,1
4928,1
5110,2
4100,1
1777,1
3993,2
1020,3
1679,1
466,1
1207,1
5732,2
3363,3
1565,1
1166,1
6017,1
5727,1
196,1
4465,1
5780,2
5678,1
6166,2
5857,3
2468,4
5884,5
5736,1
4467,1
5192,2
1455,1
3341,1
4481,2
2700,1
1198,1
334,1
5825,1
3204,1
3171,1
2208,1
3086,1
5726,1
3165,1
1102,1
2943,1
6039,1
3906,2
3273,3
4663,4
4478,1
5876,2
2139,3
4069,1
4203,1
2732,1
985,2
3963,1
5821,1
3432,1
3434,2
3743,3
1787,4
4373,5
1765,6
6008,1
6212,1
1227,1
6299,1
3319,1
3885,1
1815,1
3056,1
5411,1
3807,1
4327,1
792,1
2801,1
1673,1
2026,1
5638,1
5170,1
4274,1
701,1
5904,1
4178,1
5301,1
5906,1
3710,1
4285,1
5166,1
600,1
3183,1
4895,1
1670,1
654,1
669,1
6188,1
4949,1
5333,1
4163,1
5660,1
3810,1
3685,1
1936,1
4109,1
4383,1
443,1
4903,1
2959,1
5230,1
2430,2
6187,1
5046,1
3284,1
670,2
1879,3
5336,1
5433,1
5361,2
1842,1
2719,1
3480,1
2940,1
3195,1
3203,2
5957,3
5471,4
1026,1
5125,1
6232,2
185,1
1062,1
2720,1
5937,1
5394,1
631,1
5626,1
363,1
4325,1
963,1
4893,1
4500,1
644,1
640,1
1850,1
754,1
350,1
2647,1
2364,1
3400,1
5895,1
5737,1
1210,1
1632,1
3690,1
5887,1
3671,1
2814,1
4878,1
1212,1
1084,1
1323,1
2333,1
291,2
5803,1
449,1
4396,1
3135,1
794,1
300,1
5497,1
323,1
2800,2
1549,1
5133,1
786,1
4022,1
345,1
5179,2
1678,1
5588,2
4859,1
1666,1
6133,1
2439,2
2153,3
651,4
2921,1
1150,1
844,1
895,2
5930,3
3942,1
920,1
4920,2
2962,3
3651,1
1189,1
3648,1
3788,1
4191,1
5440,1
4181,1
4187,1
4626,1
2811,1
2347,1
4354,1
5297,2
61,1
629,2
5437,3
85,4
4684,1
2185,1
2515,1
6108,1
15,1
4880,2
4392,3
5425,4
1756,5
2243,6
989,1
12,1
5959,1
3446,1
105,2
2897,1
2182,1
1359,2
2179,3
4797,4
4289,1
4362,1
3201,1
4280,1
3880,2
3452,1
6355,2
4739,3
2933,4
6238,5
234,6
5468,7
683,8
4784,1
1931,1
4334,2
1635,3
6000,4
4207,5
4453,1
2122,2
204,3
3094,4
548,1
4020,1
2268,1
3070,1
2188,2
1861,1
4592,2
2057,1
307,1
8,1
222,2
1114,3
258,1
583,1
2159,2
6346,1
5781,1
6221,1
2650,1
5773,1
4999,1
2810,1
6317,2
6279,1
4802,1
3379,2
3490,3
3965,4
6157,5
5914,6
5586,1
5162,2
3821,1
4382,1
4381,2
6286,1
6287,2
5261,3
2701,1
3426,1
2523,2
5509,3
3954,1
3277,1
4210,2
3129,1
2444,1
1561,1
5484,1
2174,2
1162,3
2715,1
2867,1
144,1
1080,1
1457,1
3640,1
2146,1
4583,2
609,1
4091,1
1854,2
737,1
5555,1
1994,1
423,1
6146,2
1091,1
5662,1
621,1
4989,1
2771,2
2696,1
5543,2
1171,3
2445,4
208,1
1386,2
4883,1
5088,2
3879,1
1992,2
6258,1
6007,1
5837,1
1279,1
2510,2
3523,3
1880,1
310,1
4350,1
4349,1
2896,1
5052,1
6027,2
2330,1
3795,1
5612,2
1222,1
4146,1
5636,1
1355,1
618,1
6184,1
3984,1
3742,1
299,1
5410,1
2115,1
4114,1
4265,1
5830,1
4559,1
1467,1
1566,1
5576,1
6234,1
3014,2
3812,1
576,1
213,1
2883,1
5145,1
4629,1
5580,1
5745,1
2464,1
2158,1
5807,1
5806,1
774,1
2782,1
210,1
673,1
1739,1
2954,1
3791,2
5578,1
5772,1
3326,1
755,2
3945,3
5013,1
1595,1
5216,1
5175,1
4258,1
859,1
4081,1
2145,1
3646,1
2415,1
841,1
5938,1
229,1
5805,1
5804,1
1593,1
3780,1
2473,1
4630,1
5128,1
1953,1
1792,1
2630,1
842,1
610,1
1762,1
5563,1
4884,1
1763,1
6230,1
243,1
2512,1
4433,1
3819,1
5613,1
3246,1
5526,2
5073,1
4105,1
3789,1
2109,1
1417,1
246,1
5447,1
3192,1
1892,1
5871,1
5412,1
5870,1
1182,1
2073,1
3969,2
3296,1
1899,1
5157,1
1468,1
4650,2
3286,1
1365,1
1495,1
1002,1
4089,1
6062,2
3047,3
1655,1
2154,1
477,1
2381,1
3620,1
1511,1
5932,2
2492,1
1813,2
4388,1
857,2
2581,1
3365,1
3468,1
4737,1
1686,2
3456,1
5500,1
4422,1
4418,2
2589,1
3909,1
3820,1
3377,2
2128,3
695,4
3970,5
296,6
4148,1
4745,2
3816,1
2216,2
6068,1
5032,2
5401,3
6063,4
5093,1
3769,1
1111,1
4083,1
6046,1
3197,1
5276,2
5012,3
3583,4
5235,5
5879,1
1897,1
6114,1
5428,2
2137,1
908,1
845,1
3322,2
2157,1
2949,1
3777,1
6034,2
5056,1
3587,1
1851,1
4651,1
6049,1
2608,1
1456,1
961,2
736,1
5413,1
2233,1
2685,1
4446,1
4447,1
5008,1
1262,1
1267,2
2125,1
4941,1
3068,1
3383,1
624,2
2210,1
6290,1
3269,1
3367,1
303,1
501,1
1425,1
5255,2
2712,1
5347,2
679,3
1348,1
1499,2
2687,3
5495,4
3134,5
1005,1
4845,1
1450,2
6237,1
3734,2
612,1
6217,2
2051,1
4944,2
1228,3
2762,1
700,2
2292,1
3926,2
4617,1
3606,2
1333,3
5907,4
2873,1
3124,1
5427,1
3403,1
1061,1
3346,1
4851,1
5289,1
6018,1
5314,1
343,1
3751,1
5057,1
4621,1
5226,1
3019,1
3457,2
2967,1
4890,2
4345,1
2409,1
3670,1
3998,1
2966,1
6247,2
3950,1
5086,2
5525,1
2521,1
3330,1
3525,1
5264,1
2329,1
2386,2
1202,3
2707,1
3111,1
3711,1
3150,1
3551,1
4749,1
1665,1
3962,2
1652,1
2441,1
2054,1
3910,2
1849,1
5373,2
508,1
478,1
4763,1
3566,2
4282,1
6249,1
6097,2
5631,3
6088,4
3822,1
4822,2
1662,3
2601,4
4273,1
4666,2
5753,1
2359,2
4960,3
4722,1
4532,1
3871,1
5566,1
5786,1
5567,1
1510,1
3491,1
192,1
5269,1
2963,1
1117,2
6067,1
4605,1
4039,1
2356,1
672,1
5000,1
585,1
5800,1
823,1
874,1
2358,1
795,1
875,1
5449,1
6083,1
1780,1
864,1
565,1
5098,1
6128,2
3645,1
5474,1
207,2
4249,1
3851,1
5300,1
3738,2
1187,1
1188,1
3873,1
1512,1
1734,1
5684,1
3138,1
4131,1
4406,1
2361,1
1190,1
1354,2
1384,1
872,1
865,2
5090,1
742,1
854,1
426,1
3113,1
814,1
873,1
5499,1
3826,1
6229,1
922,1
4580,1
4579,1
1219,2
952,1
4805,1
3159,1
5386,2
3610,1
3178,2
3762,1
5479,2
4199,1
5573,1
3578,1
5881,1
5685,1
2691,2
2549,1
4952,1
1292,1
3867,1
5126,1
4799,1
3658,1
4404,1
3041,1
5558,2
2375,1
4710,1
3361,2
5211,3
4408,1
2670,1
2652,1
3848,1
4312,1
1612,1
4424,1
1611,1
3408,1
1883,1
3689,1
5557,1
6060,1
3301,1
2846,1
5658,1
5849,1
5196,1
2812,1
816,1
682,2
2191,1
3757,1
3257,2
5332,1
1297,2
2656,1
5664,1
1610,1
5209,1
855,1
1463,1
5458,1
5742,1
160,2
594,1
1720,2
1116,3
1033,1
1104,2
3237,3
3077,4
876,1
1814,2
5698,3
556,4
2472,5
5161,1
1937,1
3358,1
6,2
95,1
4363,2
4613,1
172,2
2633,3
3308,1
545,2
4005,1
6304,1
630,1
5377,2
5376,1
5375,1
5374,1
4367,1
2816,2
5119,3
5143,4
4169,5
123,6
5792,7
5921,8
6073,1
1390,2
173,1
5153,1
2941,1
4581,1
3776,1
1420,1
3314,2
3746,1
5228,2
1286,1
6150,1
681,1
5615,1
4284,1
90,1
5221,2
2467,3
5599,1
1761,2
3180,3
5031,4
55,1
4416,2
4472,3
2865,4
78,5
68,1
31,2
5674,3
21,4
2862,1
4415,2
580,3
2863,1
1426,2
57,3
88,4
4637,5
2684,6
2241,7
89,1
3834,1
4945,2
3234,3
2994,4
3754,5
6036,6
376,7
3340,1
5862,1
3307,1
4323,1
1165,1
3482,1
868,1
362,1
3170,1
347,2
2682,3
235,1
4056,2
2457,1
581,2
5341,1
3894,2
5340,1
5461,1
3406,2
2311,3
5061,1
5241,2
3357,3
521,4
3352,5
224,6
2065,7
2013,1
1382,2
3693,1
6211,1
4024,1
2567,1
3705,2
614,1
3390,1
26,2
1058,3
3360,4
2697,5
3994,6
514,7
93,1
5095,2
4622,1
4357,2
4738,1
3811,2
4050,3
3172,1
3131,2
3808,1
5986,1
3202,2
103,1
6209,2
5051,3
2848,4
4117,5
1119,1
4031,1
442,1
6266,1
2595,1
2023,2
498,1
2641,2
3770,3
64,4
1774,5
6265,1
2663,2
4046,1
5652,2
2007,3
4940,4
5144,1
5757,1
493,2
1568,1
766,1
5225,1
183,1
3674,2
523,3
1717,1
6149,1
5431,2
3145,3
11,1
5158,2
42,3
30,4
51,5
519,6
7,7
67,8
5770,9
101,10
5653,10
79,10
1391,1
226,1
5866,1
166,1
509,1
2653,1
2049,1
2607,1
520,2
5117,1
1304,1
6053,2
2059,1
3317,2
698,1
567,1
3877,1
2161,1
5941,1
2934,2
1847,3
2766,4
2192,5
910,6
3731,7
2379,1
1637,1
2913,1
3597,1
6048,1
2370,1
4923,1
3445,2
3114,3
765,4
3130,5
174,6
627,1
5712,1
2012,2
5108,1
980,1
641,1
3976,2
4703,3
220,4
3133,1
5790,2
3343,1
1526,2
4524,3
1216,4
5215,5
2466,1
2870,2
4712,3
1477,4
69,5
2247,6
4230,7
2748,1
242,2
49,3
4104,1
437,1
438,2
2560,1
666,1
3025,2
446,3
3779,4
5751,1
946,1
6256,1
2055,1
5021,2
2666,3
3299,4
5768,5
2507,6
4014,1
2113,1
3684,2
367,1
5823,1
3570,2
2101,1
81,2
72,3
1381,4
1036,1
4520,2
2724,1
753,1
5987,1
1729,2
3635,1
1978,2
2257,1
668,2
6028,1
4211,2
3142,1
2471,1
389,1
540,2
5385,1
4709,2
1547,1
5268,2
50,1
1789,1
1225,1
4490,2
4275,1
113,1
2401,1
579,1
284,2
4795,1
283,2
3528,3
6065,4
6154,1
14,2
6156,3
6155,4
1741,1
4894,1
44,1
418,2
28,1
4492,2
6282,3
5068,4
1799,1
1214,1
359,2
3908,1
1069,1
1068,2
1076,3
1072,4
1063,5
1065,6
1064,7
1070,8
1066,9
1077,10
1071,10
1073,10
5472,1
5682,2
4861,1
1826,2
6005,3
18,1
80,2
37,3
6358,4
2559,5
33,1
4493,2
5363,1
3767,1
2874,2
5983,1
4307,1
3535,1
4948,2
3141,1
2866,2
91,1
566,2
4551,3
1197,1
2074,2
3355,1
5327,2
1038,3
2,4
2804,5
1413,1
1146,2
1578,3
1437,1
1435,2
1901,3
2984,1
201,1
1727,1
2432,2
1108,1
17,1
3081,1
319,1
4706,1
570,2
136,3
219,4
3616,1
6325,2
1441,3
522,4
1642,1
415,1
3915,1
1715,2
1681,1
48,1
96,2
425,1
4324,1
3569,1
5717,1
1249,1
4525,2
2716,3
543,1
763,1
3980,2
4332,1
1285,1
4394,2
500,3
395,4
6064,1
2460,2
5020,1
515,1
1503,1
6213,1
1174,1
3676,2
6025,3
5791,1
138,1
4977,2
116,3
4120,4
63,1
3158,2
41,3
2723,1
4644,1
170,2
4317,1
699,1
1940,1
6010,1
3182,2
444,1
1143,1
5940,2
5147,1
4442,1
2983,1
4047,2
1221,3
4303,1
2372,1
5999,1
2039,1
3420,1
5834,1
2532,1
5436,2
2623,1
6349,1
2987,2
483,3
2591,4
4869,1
5176,2
2911,1
6040,2
5191,3
4254,4
3109,1
4771,2
2070,1
6193,2
5883,1
3797,2
4815,3
2673,1
4814,2
1055,1
2155,1
250,2
4694,3
1133,1
5583,2
2991,1
2300,1
1148,2
1810,3
568,1
158,1
3647,1
470,2
1229,3
5444,4
4638,1
6057,2
1408,3
3594,1
2454,1
2315,1
3382,2
5049,3
2974,4
6281,5
3184,1
2531,1
5103,1
2048,2
2998,1
4721,2
2248,3
4726,1
4635,2
372,1
2265,2
4725,1
2167,2
2162,1
3992,1
3849,1
4775,2
3733,3
551,1
4071,1
1037,2
1369,3
3421,1
899,1
3500,1
47,1
4643,1
4426,2
4443,1
632,2
1268,3
3802,4
1270,1
5251,1
4330,1
4075,1
4484,1
2734,1
3247,2
2440,3
106,4
1147,5
2852,1
1809,2
1833,1
169,1
4760,1
732,1
675,1
1639,1
3073,2
1951,1
2612,1
1338,1
4887,2
2868,1
6306,1
2165,1
4931,1
4730,2
582,1
4807,1
1543,1
512,1
4204,2
4843,1
1278,1
2495,1
2040,1
1439,1
406,1
5802,2
1832,1
5540,2
1241,1
2371,1
5146,1
547,1
6004,1
880,1
5342,2
2319,3
4568,1
3989,1
656,1
1824,2
2183,1
584,1
1395,1
5947,1
6032,1
571,2
486,1
285,1
3447,1
507,1
1057,2
4619,1
132,1
5286,1
487,1
6043,2
5503,3
1845,1
1654,2
218,3
3948,1
5296,2
4232,3
3832,4
4701,1
491,1
62,1
588,2
3833,3
1621,1
5262,2
4006,3
3474,1
3475,2
3476,3
457,1
5816,1
851,1
6300,2
2420,1
1980,1
4466,1
5156,2
2878,1
879,1
2798,1
5955,2
13,1
2478,2
4654,1
1342,2
2238,1
1778,2
46,1
19,1
4930,1
3283,1
4456,1
2021,1
5439,1
2294,1
2583,1
4659,2
1307,3
1300,4
4315,5
593,1
4528,2
2080,3
317,4
1438,5
2427,6
3845,7
2063,8
257,9
1404,1
3843,1
5325,2
4754,3
1619,4
1950,1
4048,1
4800,1
3333,1
4618,2
4750,3
971,4
4116,1
2872,1
4724,1
2777,2
2377,1
114,1
20,2
4439,3
5343,4
1998,1
4729,2
4987,3
4144,1
2320,2
2321,1
32,2
4132,3
4192,4
518,5
5673,6
266,7
3002,8
6337,9
1473,1
3397,2
111,1
4,2
4488,1
29,2
4441,1
3151,2
417,3
6030,4
1592,1
4732,1
1712,2
215,3
4682,4
782,5
1321,6
3654,7
6038,1
2099,2
2097,1
2148,1
3917,1
236,1
604,1
1231,2
962,3
942,4
3425,5
4007,6
931,7
1650,8
263,1
2736,2
3916,1
5403,2
336,1
4124,2
1374,1
4888,1
2611,2
3577,3
2754,4
3222,5
180,6
3846,7
1804,1
1126,2
1803,1
3139,1
4251,1
6113,1
1429,1
3595,1
2655,2
4698,1
3665,1
3714,2
2783,1
3125,1
939,1
5352,2
5397,1
5118,2
2190,1
525,2
4976,1
4922,1
1740,1
4326,1
692,1
2412,2
4803,3
3865,1
999,2
3641,3
157,4
6078,1
256,1
3637,1
4209,2
2553,3
3947,4
637,5
436,1
135,2
1606,3
5448,1
4899,1
3372,2
302,1
5570,2
1534,1
2171,2
332,3
740,1
70,1
4246,1
2044,2
1046,3
4220,1
2929,1
965,1
5574,1
5919,1
1675,1
5305,1
5892,1
2780,2
1735,1
831,1
2133,2
5702,3
3510,4
5033,5
3102,6
5981,7
2079,8
2034,9
2674,10
1870,10
427,1
2562,1
2322,1
5511,1
5116,2
4588,3
4867,1
3809,1
3505,1
1050,1
6344,2
1648,1
1049,1
6151,1
2366,1
3186,1
3188,2
529,3
3486,4
3828,1
1664,1
4755,2
1974,3
2886,1
4962,2
1284,1
947,1
3217,2
5254,1
1719,1
2328,2
5763,3
789,1
2173,1
2365,2
2225,1
739,1
4262,2
3972,3
3225,1
6014,2
2832,1
1376,1
809,1
6353,2
2545,3
3243,1
2455,1
5029,2
1056,3
3959,1
2781,2
2222,3
4193,4
3736,5
3082,6
378,1
6206,2
3951,1
275,2
2569,1
4389,2
3621,3
2570,4
4985,5
4463,6
2014,1
1966,1
2326,2
3897,3
1794,1
3436,1
800,1
2062,1
607,1
4267,2
2416,1
510,1
2160,2
1634,1
3353,1
329,1
2279,2
6263,3
3415,1
1623,1
4261,2
3518,3
5536,4
3371,5
5217,6
385,7
5858,8
3413,9
5564,1
1493,1
6071,1
3667,1
2881,1
66,1
259,1
1330,2
429,1
5244,1
2156,1
2152,1
4234,1
5399,1
2890,2
4980,1
1896,1
4475,1
1237,1
3960,2
1260,1
3004,2
75,3
38,4
5908,5
1588,1
4774,2
4770,3
4681,4
5630,1
3664,1
3347,2
16,3
1587,1
2627,2
98,1
2224,1
977,1
2587,2
4687,1
3477,1
2475,1
2038,1
2902,1
3752,2
5722,1
3952,2
4886,3
1878,4
209,1
6087,2
409,3
2552,1
5843,1
2442,1
812,2
4244,3
5416,1
6121,1
1967,1
1139,1
5229,1
3900,2
2447,3
6109,4
2342,5
1121,6
4469,7
4508,8
5045,9
2119,10
5532,10
267,10
3190,10
5047,10
2006,10
399,10
2834,10
5077,10
2686,10
2791,1
5265,1
6312,1
3576,1
3612,1
956,2
5889,1
2509,2
6115,1
6272,2
2599,3
5831,4
3268,1
1445,2
3521,1
1306,1
2632,2
4074,1
1501,2
2529,3
2307,4
659,5
1045,1
5459,1
2196,1
5457,2
3683,1
5771,2
513,1
3003,2
648,1
2088,2
4037,3
2022,4
3220,1
5317,1
3349,1
976,1
2538,1
3618,1
1947,2
1154,1
5451,2
3619,1
4533,1
5452,1
3214,1
1023,2
2144,1
1708,1
212,2
211,3
1571,1
3953,1
25,2
4003,3
39,1
5346,2
1572,1
4300,1
237,2
4826,1
304,2
772,3
4194,1
5765,2
4198,3
2817,1
4165,1
5101,1
2336,2
840,1
3496,1
5284,2
3105,1
5470,2
2668,1
615,2
4026,1
3614,2
531,3
1011,1
5885,2
2669,3
1596,1
1293,1
1702,1
2458,2
4070,3
74,4
2393,5
6023,6
1538,7
1498,1
3682,2
3205,3
4600,4
5752,1
2942,2
4266,3
1699,4
5344,1
2945,2
84,1
3444,1
4256,2
1325,3
967,1
1855,2
1419,1
3590,1
3939,2
4417,3
1309,4
1196,5
2203,6
1088,7
5888,8
3604,1
5992,1
1970,2
3501,1
2584,2
290,1
4846,1
684,1
3555,2
4690,3
5453,1
1487,2
4691,1
4801,1
5841,2
890,1
5655,1
2901,1
494,1
3292,2
4322,1
379,1
4855,2
5302,1
5594,1
1819,1
1305,1
5454,2
1469,3
6169,1
4295,1
6033,2
1930,3
4067,4
5163,5
1113,1
5367,2
107,3
386,4
2234,5
2918,1
4967,2
6307,3
3095,4
5028,1
1816,2
1646,3
4361,4
2563,5
273,6
238,7
171,8
3600,9
6096,10
3290,10
481,10
1258,10
655,1
4812,1
2879,1
255,2
2729,1
1624,1
4660,1
2132,1
4789,1
410,2
4688,3
1786,4
247,1
58,2
2029,3
4639,1
3782,1
1631,2
5692,3
5740,1
2784,2
5936,3
1332,4
2705,1
5382,2
2665,3
3337,4
2602,5
4158,1
3881,2
1303,3
4969,1
3561,1
852,1
4129,1
2582,2
613,3
3264,4
930,5
2249,6
2177,1
1094,1
6094,1
725,1
4145,1
4913,2
439,3
2100,1
232,1
2275,1
863,2
2961,3
4033,4
5723,1
822,1
1177,1
4808,2
2312,3
4809,1
154,2
3288,1
2245,1
5485,1
5686,1
5445,1
5798,1
3024,1
1232,2
1630,1
4981,2
5256,3
4990,1
3627,1
4994,2
3388,3
993,4
3389,5
3166,1
5521,2
3724,1
4272,2
5466,3
1248,1
4988,2
1800,1
3513,2
3778,3
3793,4
4479,5
2836,6
5127,7
4516,1
5066,2
573,3
2634,4
4002,5
4393,6
3221,7
4058,8
3855,9
1749,10
5188,10
5169,10
281,10
2353,10
2835,10
348,10
4356,10
3639,1
4321,2
3061,3
4431,4
499,5
4438,6
5053,7
1836,8
2303,9
289,10
405,10
369,10
1401,10
2010,10
4499,10
2500,10
3662,10
616,10
2469,10
4359,10
1497,10
5951,10
2276,10
4527,10
721,10
5799,10
951,1
3680,2
5429,3
2465,1
3847,1
5409,1
3562,1
1614,1
2176,2
4983,1
779,1
1984,1
4505,1
3275,2
5455,3
3342,1
5150,2
251,3
5310,4
5408,5
5151,1
280,2
2348,1
3270,2
4847,1
2273,2
5527,3
1098,1
2837,1
3557,2
3964,3
3536,4
866,1
5609,1
4368,2
3200,1
202,1
2524,1
5950,1
380,1
1112,1
5725,2
1010,1
1973,1
6242,1
2688,2
2373,3
502,1
5,2
1257,3
253,1
3122,1
4769,2
5232,3
2001,4
5423,5
5234,1
3219,1
4063,1
1790,2
2939,3
1567,4
3013,1
5250,2
1944,3
4390,1
3869,2
2722,3
2638,1
5178,2
3790,3
6134,4
6160,5
4306,6
2525,7
3128,8
2988,9
2341,10
2324,10
2223,10
6291,10
2823,10
3740,10
2765,10
4034,10
4066,10
3281,10
4052,10
1807,10
1993,10
2042,10
4683,10
1840,10
4756,10
2378,10
1558,1
3630,2
2316,1
5614,2
5239,1
5177,2
1988,3
3274,4
1934,5
2899,6
3633,1
6119,1
3882,2
3075,1
3210,1
2283,1
2032,1
3295,1
5023,2
3739,3
2875,4
2221,5
891,1
2597,2
2488,3
5628,4
2598,5
447,6
6090,7
4856,8
6293,9
3990,10
5541,1
383,2
6321,3
153,1
3971,1
1976,1
505,2
2212,3
3584,1
3213,2
452,3
1605,4
2709,5
5071,6
2727,1
2833,1
2618,2
4296,1
1335,1
2717,1
3376,2
3375,3
3374,4
1864,5
5640,6
4844,1
5404,2
4462,3
5130,4
5665,1
5202,1
3218,1
56,1
216,1
3153,2
1140,3
3249,4
2749,1
4103,2
40,1
3364,1
3835,2
5838,3
5778,4
6323,1
3069,1
6277,1
1075,1
1726,1
2718,1
3806,2
6125,1
3988,1
1326,2
3399,1
714,1
3605,1
2511,1
4817,1
674,1
892,2
5072,1
1086,2
805,3
5419,1
5035,1
6311,1
2380,1
2289,1
4366,2
2446,3
1636,4
617,5
534,6
5972,7
3312,8
784,1
994,2
2218,3
5709,4
589,5
2383,1
1142,1
1129,2
3607,3
1312,4
5393,5
3589,6
1827,7
3624,8
4757,9
3049,10
320,10
6239,10
3416,10
5878,10
6295,10
3050,10
3046,10
4758,1
1660,2
4080,1
2916,2
2917,3
3026,4
2250,5
4601,6
309,1
1054,2
5396,3
1773,4
1471,5
108,6
109,7
1884,8
5979,1
1327,1
5629,2
2513,3
3672,1
5105,2
3177,3
1844,4
1031,1
3815,2
1234,1
3737,2
4329,3
3663,1
710,1
1658,1
3735,1
2024,1
4468,2
810,1
4264,2
3289,3
4142,4
3922,1
4562,2
4161,3
5710,1
6152,1
2450,2
3163,3
3294,1
4355,1
3522,1
3271,2
5354,1
349,2
941,3
4631,1
5691,2
6283,3
4522,1
3977,2
3092,1
1597,2
4819,1
2664,2
4004,3
1671,4
6219,5
3860,1
3160,1
458,1
587,2
3796,3
949,4
5424,5
1206,6
4593,7
5100,8
5115,1
2217,2
2130,3
665,4
4915,5
5769,6
778,7
867,8
4620,9
2947,10
799,10
3059,10
1379,10
3644,10
4864,10
4353,10
2558,1
4788,2
3699,1
6001,2
6111,1
1656,1
1134,2
2103,1
1900,1
1052,1
4065,2
4741,3
5155,4
1863,5
1496,6
2419,1
4993,2
5948,3
5383,1
4573,2
6104,3
1649,1
5238,1
526,2
3631,3
2636,1
3016,2
2609,3
5734,4
1484,5
328,6
3896,7
1887,1
4951,2
4360,3
3912,1
3626,2
4548,3
4589,4
3659,5
6085,6
6082,7
5380,1
3097,1
2078,1
815,1
4950,1
306,2
1641,1
3460,2
970,3
1264,4
199,5
2362,6
3196,1
5381,1
2437,2
4537,3
2451,4
1181,5
734,6
3642,7
1191,1
3339,2
2799,3
186,4
1743,5
1208,1
5184,2
3872,3
1238,4
1669,5
4460,6
1620,1
6058,2
270,1
4133,1
1144,1
6197,1
1167,1
4778,2
1981,3
2459,1
2262,1
5366,2
5836,1
1785,1
3001,1
182,1
6041,1
945,1
2795,2
195,1
200,2
191,3
198,4
1149,1
5018,1
4183,2
5141,3
5900,4
364,5
1938,6
5218,7
5666,1
221,2
5577,1
3093,1
1205,1
4586,2
4151,1
1217,2
1783,3
943,4
2397,5
4876,6
2750,7
279,8
5971,9
731,1
2449,2
6280,3
785,1
4693,2
3781,3
5353,4
4242,5
1483,6
2072,7
3891,8
3958,1
506,1
3115,2
837,3
6285,1
2314,2
5384,3
3991,4
2953,5
3554,1
5111,2
706,3
4591,4
3412,5
3096,6
5487,1
3524,2
6118,3
2741,1
5420,1
1427,2
3856,1
759,2
592,1
3817,2
337,3
5303,4
2435,5
2452,6
5847,7
2405,8
2142,9
4965,10
2114,10
4852,10
711,1
5505,1
2309,1
703,2
4043,1
1385,1
3568,2
2284,3
2825,1
5845,1
4585,1
6182,2
2095,1
5469,2
3585,1
4123,2
1350,3
356,4
738,5
6080,6
1000,7
5287,1
262,1
5475,2
5085,1
1343,1
338,2
1125,3
606,1
1972,2
2616,1
5782,2
3215,3
3719,1
4299,1
770,2
4218,3
5942,1
5060,2
2981,3
1256,4
1375,5
5963,6
2443,1
318,2
1462,3
4518,1
1528,2
5603,3
2094,1
546,2
1459,3
2997,4
4541,1
1029,2
421,1
4598,1
1145,1
422,1
5777,1
187,1
3402,1
2064,2
1518,3
3653,4
3370,1
4696,1
3453,1
3530,1
5231,2
2646,3
1556,4
24,1
34,2
2015,1
3893,2
6275,1
1555,2
1007,1
3526,2
1968,3
6003,4
964,1
974,2
4669,3
4866,4
3256,5
3254,6
2220,7
574,8
6195,9
5205,10
1244,10
265,10
4974,10
5642,10
292,10
2831,10
4051,1
82,1
2912,2
4911,1
2205,1
2658,1
2990,1
4055,1
92,2
6066,1
1025,1
3297,2
5534,3
408,4
3707,1
2842,1
5074,1
6112,2
468,3
4073,4
2535,5
6205,1
161,1
4028,1
5482,1
2965,1
150,2
3516,3
4762,4
396,5
4224,6
2821,7
4008,8
3579,9
5257,10
5434,10
3575,10
5980,10
3101,10
407,10
4968,10
3087,10
2240,10
1294,10
996,10
5743,10
4252,10
1151,10
2286,10
3932,10
1955,10
244,10
3336,10
3287,10
360,10
1725,10
1808,10
5873,10
5079,10
476,10
2534,10
5695,10
6253,10
1742,10
1869,1
5819,2
2813,3
2888,1
1757,1
1876,2
4991,3
4816,1
5721,1
1230,2
1003,3
4380,4
4897,5
2295,6
6153,7
4578,8
3045,9
3078,1
894,2
148,3
3883,1
4942,1
5970,1
5414,1
3609,2
4576,1
249,1
3454,2
1841,1
223,2
5135,3
1537,1
6314,2
704,1
2498,2
1971,3
5784,1
702,1
2000,1
3226,2
4553,3
3675,1
2887,1
5036,1
4316,1
147,1
2815,1
503,2
790,1
1791,1
586,1
3805,2
2502,3
4054,1
5530,1
5689,2
5848,3
1115,1
4720,2
4927,1
1481,1
3829,1
5174,1
1625,1
1949,1
3517,1
5389,1
1424,1
4697,1
5604,1
6250,1
6200,1
