3382,1
8167,1
5316,2
4448,3
4023,2
4020,2
4028,1
4029,3
5988,3
10898,2
5982,1
7841,3
5981,1
5986,2
10896,1
5984,2
10894,3
7517,1
345,2
346,3
7514,1
7512,8
7511,2
7510,10
3991,1
4844,1
4687,10
4416,1
6150,1
6151,1
6153,4
8999,1
6156,9
6157,2
6158,1
6159,1
7624,1
2991,2
4732,1
6797,1
6794,3
10612,1
4736,1
10962,2
4734,5
6791,5
2316,1
6351,2
2313,1
6798,2
2311,1
5857,2
5851,1
298,1
299,2
296,1
297,1
294,2
295,2
5858,2
4525,3
8302,1
3772,2
4524,1
8306,1
4789,3
3779,1
3778,1
4655,8
4654,2
4657,4
273,1
4651,4
6291,1
4653,1
4652,3
6587,1
4689,1
4659,3
4658,2
5676,1
8208,1
6195,1
6584,2
7889,2
7888,2
8690,1
7881,7
986,1
2261,2
7885,3
2267,1
2264,2
2442,1
6588,9
2446,1
2447,3
2445,1
9524,2
10702,2
10701,4
9255,8
9520,1
10899,2
9522,2
7867,1
9436,1
108,5
7864,7
7863,2
7862,9
102,2
103,4
100,2
8201,7
2516,1
104,1
7868,5
934,1
4811,1
9435,10
4814,2
2832,1
5826,3
3151,1
2048,2
2049,2
9410,2
9411,1
9415,3
9416,1
5828,4
6371,4
6372,4
2513,1
6375,1
6377,1
10140,1
10143,1
10142,4
10145,2
2839,1
10005,2
10897,2
7622,1
10387,1
9639,1
9328,1
9343,4
9632,4
8098,1
9326,2
10389,4
10388,5
8941,7
8943,3
8942,7
8945,1
7268,1
7516,1
8948,6
7038,1
7266,1
3517,3
7260,1
3515,2
7262,1
6204,5
6205,4
6206,1
6207,2
2688,1
8300,1
7781,1
6208,1
6209,5
1150,1
2683,3
9893,1
342,1
6806,5
5119,1
3998,1
6802,2
6803,1
6801,2
99,9
98,1
9747,3
10567,3
9741,1
9743,7
91,2
90,2
93,2
92,4
95,2
94,3
96,4
1991,3
1990,3
1620,10
1627,2
3202,2
10095,3
5185,1
5188,1
5189,6
9794,1
8838,1
5058,1
8837,1
10233,1
8832,3
2862,1
2866,1
2867,2
2868,10
551,5
550,2
3566,1
7678,1
7679,1
7677,1
7674,7
7675,3
7670,2
7671,4
5458,4
3697,1
3349,10
4971,1
5450,2
9421,2
7076,7
7077,2
3346,1
5455,2
1197,2
9222,2
6881,2
1757,1
1756,1
10869,1
1750,1
8162,1
6972,3
8166,7
8165,5
8164,5
4250,1
8169,1
10844,1
4254,1
6978,4
1178,1
832,1
5532,1
5531,1
10915,1
5537,1
5536,2
5535,2
5534,2
5539,1
5538,2
1005,1
1285,2
1284,1
1286,2
1280,1
11166,1
547,1
1002,1
8765,1
7189,3
8767,1
8766,1
8761,1
8760,1
8763,2
7180,3
7181,3
7182,6
7183,2
8769,1
7185,10
7186,3
7187,2
8389,1
8052,1
8385,1
8384,5
8380,5
620,1
8548,7
7356,1
8017,10
8016,2
8541,9
8012,1
8011,3
8542,7
7456,1
6573,2
6570,4
7455,2
6576,2
7453,10
5629,1
7451,10
4382,1
4380,3
2191,1
8080,1
7459,2
406,7
7696,7
8490,6
1375,2
8496,3
401,2
1376,2
7698,6
452,1
409,1
408,2
3834,3
3836,1
3831,3
3832,2
10966,1
2192,1
4595,1
2552,1
2749,1
5996,2
4035,1
5990,3
5993,2
4845,3
10963,1
5999,1
10889,2
4737,1
11379,1
6790,2
6537,1
11375,1
2319,1
8293,1
11373,1
3206,1
7522,1
7526,10
7527,5
7524,3
7525,1
371,1
7528,2
374,10
376,1
2315,1
5107,1
8083,1
6531,1
5079,2
10969,2
6145,1
6144,2
5733,1
1146,1
2309,4
8111,1
6784,1
6787,1
10978,1
2300,10
4727,2
3204,4
2305,2
2307,1
2306,4
5847,1
5844,1
5842,3
5840,4
6539,1
11285,2
11284,3
3776,1
109,4
3747,2
5853,1
5548,1
4622,2
240,1
242,1
4629,4
3591,1
249,1
2274,1
9193,1
2271,1
2273,1
5859,1
5529,1
5542,1
4300,1
7493,2
5205,1
2888,1
9249,1
9254,1
9539,2
9538,5
9537,1
9536,4
9242,1
9533,6
9532,1
2453,4
9246,10
7852,1
7853,1
581,1
7851,2
7856,8
7857,7
7854,2
7858,7
10503,1
171,3
170,1
3698,1
3699,1
4538,1
2054,2
4829,1
3690,1
3691,1
4537,3
4530,2
4531,1
4820,3
4821,3
7981,3
9401,7
2,2
7984,3
7986,1
7988,2
7989,1
6360,2
6367,1
6366,1
4795,1
10627,4
10152,1
9292,1
10402,4
10403,2
9333,2
10155,5
10409,1
9338,4
3748,1
10392,5
3525,1
10396,2
10397,8
9623,3
9296,1
9620,1
3528,1
3529,2
7218,1
270,4
3086,1
7211,1
272,2
7217,2
10714,3
10710,2
6212,1
6211,1
2698,1
7355,1
274,2
1975,8
1365,1
6819,1
9299,1
6383,1
6810,1
6813,1
4559,1
6815,1
6814,1
9751,2
10575,1
10573,1
7325,4
4555,1
3236,1
7321,1
7322,2
7323,1
5195,2
1965,2
5197,2
2152,1
5191,1
5190,2
5193,2
5192,1
8848,6
8849,1
8842,1
8844,2
8846,10
2871,1
6005,1
2874,1
4986,1
6336,1
7669,2
3354,6
3357,5
3356,6
802,7
11187,1
7663,3
7665,1
3358,6
10179,1
5448,2
7069,1
7068,4
8573,1
7064,2
5447,2
7062,1
7061,1
7060,1
1769,1
1361,1
1762,1
1761,1
1765,1
6960,2
6963,3
6962,1
6965,7
8629,7
6967,3
8624,1
6968,3
8627,2
8620,2
8153,1
8150,1
8623,6
5508,8
8396,1
5507,1
5505,1
3552,1
5500,1
5501,1
1547,1
5139,1
696,10
697,3
694,4
1541,1
699,1
105,1
1549,2
542,1
8711,2
8712,4
7198,3
8714,1
8715,4
545,2
548,1
7196,2
11,1
9624,1
11445,2
7567,6
8303,1
8538,7
8539,2
8028,2
7565,1
8530,10
8023,8
8020,3
8026,8
5137,1
8188,3
11027,2
7442,3
7445,3
6404,2
7447,4
6565,1
6567,1
6405,2
5616,3
11028,5
6563,1
5615,2
414,2
7686,4
416,3
7684,5
410,1
411,3
7681,2
413,2
1385,2
1386,2
1387,2
418,1
419,3
1382,1
1383,1
3827,1
3823,2
3821,1
9157,1
3829,1
8444,2
8445,2
8446,1
5000,1
8440,10
5711,2
8442,1
8443,2
5007,4
5710,5
2438,1
3043,1
4533,2
4281,3
4286,1
9153,3
4285,1
3045,1
10335,1
9257,1
7535,9
7534,10
364,5
7536,4
9526,2
7533,3
2760,2
10707,1
3789,1
380,1
1776,2
384,1
6178,5
387,1
389,8
2764,1
5271,1
6779,10
7909,2
6774,1
6775,1
6776,1
6777,5
4754,10
4756,2
6773,1
1307,1
5870,1
5871,4
9960,1
9961,2
5874,1
9963,4
11296,3
9969,2
7033,1
7792,1
3751,2
3750,2
3753,3
3756,2
182,1
9483,2
258,1
4630,8
2195,4
4635,1
252,1
2199,1
1071,1
2200,1
2204,1
2205,2
2207,2
2208,2
107,1
6688,2
6689,1
9197,2
7907,2
6686,2
6687,6
9508,1
9509,2
7992,1
9502,1
9503,6
9501,3
2424,2
1849,1
2427,1
4810,2
7848,5
7845,1
7847,6
160,6
7840,1
7843,5
163,1
4838,1
6354,4
3770,1
6353,1
4529,4
4528,3
10176,1
4830,1
3681,3
4832,1
4834,4
6358,1
4836,1
4422,2
6196,2
6197,1
9438,4
6193,1
2514,1
7999,1
2517,3
2512,2
9431,4
9340,3
904,1
9614,3
9615,5
2730,1
9613,3
5298,1
10168,5
5296,3
5294,1
5295,1
5290,2
5291,1
3531,1
9184,1
9185,4
9182,2
3534,1
9180,2
2779,1
3538,2
5056,1
10366,1
5050,1
1814,2
1816,3
7208,1
8226,1
7203,2
7202,1
8227,1
1818,2
1819,1
7205,1
6223,5
6220,3
6221,6
11319,1
6995,1
10769,1
8634,2
10639,1
6418,1
9132,1
1099,1
9767,6
5558,1
9768,1
9769,1
7337,1
9293,1
7335,1
9511,1
7333,3
3228,1
1979,1
7330,2
3225,1
3227,3
3226,2
1973,1
7339,1
1606,1
1081,1
8858,1
6079,1
803,2
8852,6
801,1
6078,1
2848,1
2844,5
2842,6
2841,2
10214,1
10217,3
10216,7
3324,4
5473,2
3326,2
5510,1
2613,1
5478,6
5274,1
1774,1
5276,3
7059,7
1771,3
1770,4
1773,3
5273,4
7976,1
7053,4
7050,2
10146,2
7056,9
1778,2
9897,5
8149,4
1083,1
6998,6
1158,1
8141,1
8140,10
1156,2
8145,1
6991,2
8147,4
5518,2
3158,1
5511,6
3038,2
5516,1
9850,2
1231,1
1552,2
59,6
58,1
1557,1
1556,1
55,1
11103,3
3036,3
2994,4
3031,1
53,9
3033,5
537,1
8701,1
534,3
8707,1
8705,1
1558,5
8708,8
539,1
1232,3
8036,1
7340,1
3030,1
8038,5
2805,2
1906,1
8529,6
5606,4
5600,1
5603,7
5602,2
8522,8
8521,4
2997,1
8527,3
5608,1
8525,2
9996,1
11034,1
11033,1
6510,1
9634,2
6512,1
10023,2
8700,1
3292,1
5130,2
1393,2
424,1
427,2
3812,3
3817,1
3815,1
4648,1
8455,2
8454,1
8453,3
8452,5
2583,1
8450,1
850,1
8459,10
6424,1
494,1
4299,1
6421,2
6422,2
4295,1
6428,1
6429,1
6257,1
9851,7
3512,1
7540,3
7541,1
7542,6
7543,4
7544,9
7546,1
8035,1
7261,1
6169,1
6168,3
6161,1
6368,1
6163,8
6162,1
6165,1
8030,1
10167,1
4748,1
6769,10
1425,1
6767,5
10997,3
4741,5
6764,1
6763,6
6762,1
6761,1
10991,1
9977,1
4388,1
9975,1
5868,1
8985,1
5864,1
5860,1
5863,2
1424,5
10687,1
2183,3
8984,1
2186,3
4609,1
227,4
226,1
225,5
224,3
4603,1
221,1
4601,2
4760,1
6907,2
2210,2
6882,1
2216,1
6906,10
2219,1
5607,8
2681,1
5475,2
2338,1
6699,2
6698,2
6455,1
6691,5
6690,1
6697,10
6696,1
8139,2
151,1
2439,2
152,1
6901,1
159,3
6136,1
2437,1
7838,8
5766,1
6458,10
1161,2
9030,1
9993,6
7836,1
6341,1
6340,2
4518,1
4201,1
6345,1
4513,1
4510,1
4511,1
4516,1
4514,2
9994,1
9428,1
6185,1
5934,3
5760,2
6181,8
6180,1
6954,4
9420,3
9423,1
9422,9
2503,2
5289,2
5288,4
2725,3
2724,4
9357,2
2722,1
9355,5
2720,1
10173,4
5285,2
5284,1
5287,9
7236,8
6561,2
7234,10
7947,1
7940,6
7941,10
5049,4
7943,4
9199,3
9198,1
5044,1
5043,2
5040,2
3782,4
9744,2
9352,1
1804,3
1803,1
1802,2
3784,2
3785,2
10945,1
8990,2
8991,3
8996,1
8997,1
1592,2
10772,1
4994,2
9037,1
4990,4
9512,2
6235,1
6234,4
6237,1
6236,4
6231,6
6230,5
7692,1
8696,1
3714,1
10564,9
7814,1
7001,1
9778,1
10512,2
9777,3
9776,1
9773,3
10515,3
7303,6
8864,3
10469,2
7307,1
7304,1
8861,10
3250,1
3251,1
6562,2
9281,2
5009,1
9283,1
8869,1
3496,2
6407,2
10068,1
812,1
813,1
815,4
2859,1
3207,2
1622,2
2851,1
10060,1
2852,1
2855,1
2857,1
10206,9
5460,9
10204,1
5462,7
3337,3
5464,1
7043,5
7042,1
5469,2
1995,2
3339,2
7819,2
7049,3
7048,1
10208,2
10209,3
10196,1
5266,1
5265,1
5264,2
5184,3
5261,4
1707,1
1709,2
10094,1
10198,6
2632,1
1258,1
9108,1
8022,2
8608,1
1628,1
6989,1
6988,2
6987,6
8603,2
6984,2
6983,8
1125,4
8604,1
6980,4
4578,1
11134,4
7936,2
230,1
9298,1
2989,1
3028,1
9039,1
2981,1
3023,4
3020,1
526,1
527,1
1019,1
8734,2
8735,3
1010,2
302,1
1012,8
8731,3
1234,3
8041,4
8042,2
8043,2
8512,7
8513,1
8046,5
8511,6
10097,1
4192,3
1239,2
4190,5
8519,1
5670,1
8287,2
8284,9
5673,4
5674,4
5675,2
8280,1
8281,1
4355,3
3954,2
4352,1
4116,1
6508,1
6501,2
11008,1
11211,1
436,2
435,1
9600,1
3807,2
3806,1
3800,2
3803,2
1966,1
8462,2
8463,3
8460,3
8466,5
8464,3
473,1
7983,1
8468,3
4906,2
9642,1
8192,2
8193,1
8190,1
8196,4
8197,3
10691,1
9990,1
5705,1
5707,3
5702,3
3315,1
7553,1
7552,1
7551,1
4399,1
899,1
8025,2
9819,1
3314,2
9260,2
5719,2
6420,1
4076,1
2505,1
4175,2
6758,4
6759,1
9992,1
9589,1
4172,1
6890,1
10629,1
6750,5
4179,3
9942,1
5819,2
7176,1
9946,2
11106,1
7171,2
5812,6
5813,2
5814,2
5817,3
5065,2
5216,2
7173,1
9271,8
4291,1
2948,1
9272,6
5717,2
2467,1
238,1
239,1
10729,2
236,2
237,2
4615,1
233,6
2462,1
6575,1
992,1
5543,1
1,7
9371,2
10836,1
5920,3
5921,2
5922,2
10805,1
5929,1
1199,1
142,2
143,1
10721,1
6924,1
1052,2
148,1
4505,3
4504,1
4507,2
4506,1
1163,1
4500,1
4503,1
7822,2
7821,9
9376,2
7825,1
5351,1
594,1
2082,5
2083,1
2080,9
2087,2
2504,1
2532,1
2533,3
2531,1
2536,1
1193,5
2534,1
2710,1
2714,2
2715,3
9366,1
5454,1
9364,3
9363,1
9360,4
9361,10
7221,1
7220,2
5078,1
7954,4
7225,2
7952,1
10683,1
5072,3
10690,2
5070,6
10340,3
8989,3
5077,2
10697,2
7958,1
1832,5
1830,2
1831,2
1836,2
3798,2
1834,4
3795,1
914,1
1838,2
3791,2
3790,1
3792,2
4981,4
6249,3
939,1
4982,1
4985,2
9566,7
9567,6
9568,5
9569,3
931,3
937,1
2159,1
2408,1
6247,3
5380,1
5381,2
5382,4
10524,3
5385,2
10521,2
5389,1
2015,2
10529,6
10528,8
1957,1
4876,1
1950,8
7449,1
9702,1
9703,3
9704,1
10794,1
9707,2
8870,4
3248,4
7319,10
8877,2
3243,1
3242,1
9951,1
6812,1
7310,1
3244,1
3584,1
6603,2
829,1
824,1
821,1
8683,1
10200,1
6977,1
2409,1
9950,1
6607,6
1483,1
9015,4
10231,1
619,1
9010,10
7036,3
1484,2
3306,1
7039,6
3304,2
4403,2
9018,2
3300,5
3301,2
1713,2
5253,4
9386,2
5251,1
5256,3
1171,2
5254,1
9383,2
5259,5
9388,1
9389,2
10222,1
4318,1
6311,2
10153,1
1271,1
3712,1
4979,1
1133,1
4329,2
2259,1
1134,1
11124,2
4257,1
10790,2
10751,3
7786,1
4066,1
615,1
7782,2
6318,1
7780,6
4067,1
3018,1
3019,2
7144,3
7145,2
3010,3
10850,1
3016,3
7141,1
3308,2
3015,1
7927,2
4743,6
1009,1
6766,1
8721,1
510,1
513,1
4973,1
6765,1
1001,1
9582,1
8500,10
8051,5
8502,2
627,1
8504,3
1221,6
8054,2
4142,1
629,3
4182,1
10532,1
5663,2
8290,1
6534,2
6535,1
8791,1
4345,3
5668,1
4343,1
4342,2
6538,2
4340,4
2880,1
8241,1
11018,1
2887,1
2885,4
7492,1
8246,3
7490,1
11017,2
7496,1
7497,2
8795,1
8615,1
8617,3
8616,3
10659,1
8797,4
8619,4
8618,1
3879,2
3874,1
3877,4
2741,1
11335,1
7560,1
4256,1
8474,1
8471,7
8470,2
8473,2
8472,1
6402,1
10,7
13,6
12,10
15,7
14,3
17,9
16,4
19,7
18,7
8187,2
6409,2
3274,1
7568,7
8182,3
7764,1
7766,4
7767,3
7762,1
7763,8
7768,1
7769,2
3906,4
3902,1
5955,1
9655,1
3908,2
3909,1
10123,1
4767,4
9305,1
6749,6
9306,4
4167,1
10120,1
4163,1
4161,3
8764,3
8681,1
1579,1
4169,1
5808,2
9959,2
9955,3
5802,9
9957,1
5800,2
5807,3
5806,2
201,1
200,4
833,1
8649,1
684,1
8889,10
2239,2
2238,2
834,1
2441,1
2230,1
2234,1
8768,1
5936,1
10825,3
5933,1
5932,1
10820,5
3574,1
1631,1
7815,1
3066,2
3497,2
7818,4
3491,2
4606,1
2097,3
6309,1
2091,5
4576,2
4607,1
3654,2
8883,1
3650,1
2098,1
2526,3
2521,1
2746,1
2523,1
1404,1
2529,1
2528,7
8588,1
8968,1
10338,1
220,1
4492,1
10354,3
4889,2
2709,1
5060,3
2212,2
2705,2
9373,7
9787,1
2701,1
4885,2
4886,1
2702,2
7962,4
7961,10
7967,2
7964,3
9177,2
9176,2
251,1
9172,1
933,1
9170,6
10070,1
7569,1
4409,3
4406,1
1826,2
1821,8
4401,1
1823,1
10181,4
9573,4
10759,1
2412,1
4978,2
2414,1
6252,4
9579,7
6250,2
4970,1
6256,5
4972,2
2148,1
10531,1
5391,1
5390,1
10534,2
5396,1
10537,2
10538,5
2411,1
3276,1
3277,1
9719,3
3275,2
3272,1
3273,7
921,1
9713,3
9712,1
10072,1
7368,2
7369,3
3470,2
3471,2
2929,1
835,1
8884,1
8885,4
10183,1
7365,1
7366,1
7367,2
3,2
11191,1
2448,1
2727,1
2664,1
6590,1
9838,1
9007,6
9006,4
9005,2
9004,2
7027,6
9002,4
7025,1
3311,2
5485,3
7028,1
5483,4
5482,3
5481,4
21,1
784,5
7023,4
786,3
5580,1
5245,2
5244,5
5247,1
5628,1
1722,2
10814,1
9012,1
5242,1
6472,1
10077,1
9003,1
9830,1
10229,2
3330,1
6579,2
10789,1
28,1
10542,1
153,2
29,9
7799,5
61,3
63,1
3001,4
65,6
10076,1
67,2
68,6
7790,2
7793,6
7590,1
3009,10
3008,4
7797,1
7285,1
9872,2
7695,3
1655,1
7156,5
7155,2
1581,10
1587,1
7150,3
9106,1
1038,4
1372,4
9009,2
508,4
9455,1
506,2
507,2
505,2
502,1
1037,2
501,1
1212,1
631,5
1210,1
1211,2
1216,2
635,1
636,6
638,1
8067,2
8494,5
9395,1
8060,1
7485,1
6520,2
6523,1
7486,1
7481,2
7483,2
7482,1
6529,1
6528,3
5654,3
9101,1
5652,6
7488,1
8262,3
8263,1
2897,1
2896,2
11065,2
2892,7
1106,1
1457,1
1450,3
8665,1
1100,4
1101,5
1724,1
1108,4
3869,3
4084,7
4087,1
4088,1
3860,3
3866,1
9745,1
11325,1
8400,2
8401,1
11329,1
4833,3
8406,3
8407,2
7573,6
7572,3
7575,3
7574,6
7576,2
6415,2
6414,3
6416,1
6411,2
9811,1
6413,1
5725,5
7777,1
7775,1
8814,7
7772,1
6598,3
3916,2
3912,1
3910,2
3919,1
6730,2
11029,1
6732,2
8317,10
6734,4
10046,1
6736,2
6739,3
4796,1
4797,1
8318,1
4792,1
5836,2
5837,9
5834,2
8087,1
5832,2
4925,1
8082,10
4155,10
11254,2
11255,2
8089,2
11251,1
9928,2
5991,1
9922,1
9926,10
4034,1
214,1
215,1
10882,1
5633,7
11095,1
3286,1
219,1
8138,1
957,1
6086,2
6084,3
6056,1
8338,1
8339,2
6648,1
6649,2
6186,1
6645,2
6647,1
6640,1
5998,1
5902,2
5900,2
6184,1
5906,2
4,2
10815,2
8746,2
5908,1
8745,1
6182,1
7801,1
7802,1
7805,2
9853,2
3480,1
3485,5
9201,1
3486,1
4562,3
4561,1
4566,1
3649,10
2506,1
3647,2
3646,2
3643,2
3642,1
3640,1
6398,4
2553,10
7798,2
2729,1
2559,9
6390,1
6391,1
6397,1
2394,2
3006,1
2392,1
2390,8
6491,1
10321,2
9601,1
5012,3
10322,5
7656,1
5016,1
5161,1
5018,4
4892,3
4891,8
4890,1
2774,8
2775,3
2776,1
9498,5
7791,5
9148,3
9350,1
7978,2
2803,1
9490,1
9491,2
9140,2
9493,2
9494,7
7970,1
9496,2
9604,1
1858,7
1859,8
6265,1
6263,1
4419,1
6261,1
1851,2
5167,2
4413,6
4410,1
2172,1
6065,3
6067,4
6060,2
4969,3
2175,1
4967,2
4966,1
9544,1
4964,4
4963,2
6069,2
4960,1
9727,1
9724,2
9725,1
1420,1
7094,1
9729,1
3261,2
3260,2
10781,2
5431,1
1937,1
5129,6
10785,5
1934,1
7918,2
3368,1
10037,3
1938,2
5121,2
5122,2
5123,3
5630,1
7379,1
3462,1
8899,1
8898,2
7373,1
8896,3
7370,1
7377,1
7376,4
8891,3
3468,1
5438,1
343,1
7230,10
3695,1
5048,2
9032,7
5047,1
1159,1
9031,8
7098,1
10251,1
7015,3
10255,3
10257,3
1739,1
5239,2
4275,1
1731,1
2590,1
1735,3
5235,6
5236,2
5237,2
8981,1
5563,1
6042,1
750,1
756,1
758,2
8998,1
10796,1
3070,1
3071,1
6884,1
10900,2
1591,4
2959,1
6880,1
3077,2
2954,2
2956,1
2957,1
6888,1
1025,4
393,1
5346,2
1031,1
5340,1
9400,1
7162,3
7163,3
7166,2
7164,1
503,2
9848,2
7040,1
8079,1
604,3
4366,2
4361,5
4360,1
4363,4
4272,2
8071,8
8070,1
8075,4
4368,3
8077,3
8076,1
1196,1
8278,5
1605,1
8276,2
8274,8
5644,4
8100,1
10474,1
6334,1
11078,3
1214,1
3104,1
3106,3
2400,1
3100,3
9517,2
3103,6
1111,1
1446,1
8671,6
1112,2
5,3
1442,3
1117,2
1116,4
1118,1
8679,1
6905,1
8264,1
4092,3
4859,1
4094,1
4099,1
10775,1
4826,1
5737,1
5736,3
5731,1
5730,7
489,1
11318,2
487,2
8411,1
8416,2
481,2
10779,1
7589,1
9809,10
6460,3
4581,1
7587,5
6464,1
7581,2
7582,3
9518,2
7742,4
7740,4
6489,1
7746,1
3237,1
10770,1
7749,2
8266,10
5199,1
3926,3
6527,1
10355,2
3925,3
5552,1
8307,1
6950,4
8304,10
6727,2
4723,1
8301,7
6724,10
4786,1
6729,1
4722,1
993,1
9863,3
5821,5
5823,1
8094,2
5825,2
4148,1
8091,1
8090,7
4145,1
4144,5
11260,1
4140,4
4143,1
6487,5
3856,1
3855,2
6484,1
3850,6
3851,2
9933,1
8632,1
1487,1
10290,1
5303,1
3283,1
6091,1
6094,1
6096,10
4823,1
6659,1
6658,1
10875,1
6653,1
6651,2
6650,1
10450,1
5919,1
5918,6
5914,1
5913,3
3664,2
197,2
193,1
192,1
9775,1
3679,4
6381,1
6380,1
4558,3
6382,2
3672,1
4554,3
3671,4
6389,2
4553,1
4550,2
4551,2
2540,2
2546,1
4151,1
9679,1
2380,2
2383,1
2385,1
2384,1
2387,2
11444,1
2389,7
1102,2
10102,1
6912,1
626,1
10333,4
5001,5
3583,2
9151,3
5006,4
10334,3
9152,1
2762,2
2761,5
8667,5
2767,6
1575,1
3743,1
7908,7
8581,8
9488,1
6175,1
1514,1
7900,2
7306,1
9481,2
9487,1
7906,1
9484,6
6271,1
6273,2
901,1
906,2
6274,1
6277,1
6276,2
1843,3
1842,5
908,3
2919,1
247,1
4424,1
1844,1
9559,7
9558,1
4958,1
2169,4
2168,1
6070,2
9551,1
9553,1
9555,1
9554,1
4954,1
9556,3
2617,1
1941,1
9735,2
9734,10
4082,2
5896,1
1947,1
10798,2
3340,1
7341,4
3294,5
1907,1
3296,1
3297,4
3290,4
1903,5
7348,5
7349,9
3456,2
422,1
3454,8
3459,3
858,1
3293,2
6,4
8664,1
9506,1
7093,1
9329,1
7009,1
9029,3
9028,3
9025,2
7000,1
7003,4
7002,5
9020,10
10244,1
5229,1
5228,1
8566,1
5223,1
5222,2
5221,5
5227,3
5225,1
5224,4
8934,10
8935,1
8936,3
8932,1
8933,10
740,1
746,1
748,1
749,2
5884,2
7174,10
6893,2
2913,1
6895,3
6894,4
6897,3
6896,2
2945,1
2944,1
2943,1
2942,2
2940,1
5357,2
5356,2
5355,10
1054,2
5352,1
1056,2
1057,1
9859,1
4934,1
2225,1
5359,1
717,2
1691,1
1698,1
2379,2
1278,1
4313,10
4314,9
4315,4
4316,7
1183,1
1270,1
7465,1
1272,1
1274,1
614,2
1796,3
8799,2
8249,1
8242,2
9818,2
8793,1
8794,6
8247,5
8796,1
8245,10
7045,1
3042,1
1491,3
3117,1
1608,1
3114,1
3111,1
10774,1
1471,9
9461,1
1475,1
8646,1
7177,1
8642,1
8643,2
8640,2
8641,7
8426,1
9120,1
8425,1
8423,9
8420,1
5466,1
9122,1
8296,1
6842,1
5745,4
5746,9
5748,8
5749,7
4226,3
6412,2
490,10
4221,2
3596,2
25,4
26,4
27,2
2592,1
22,3
7598,6
7597,1
7122,2
7595,10
5039,1
6477,2
7592,10
7591,6
6474,1
7774,1
7758,2
10654,2
7755,1
7754,3
10657,1
7753,7
4610,1
8672,1
3598,1
1233,1
10303,1
10302,1
8333,1
8265,1
11270,2
9247,3
6718,4
6716,3
6717,2
6714,2
6715,4
10193,1
7309,1
9904,2
9902,1
9903,2
4132,4
4136,2
5692,3
5693,1
5690,2
3842,3
5696,1
3844,1
3847,9
5695,1
3848,1
1873,1
1062,1
7071,1
4432,1
5305,1
3267,1
9595,1
1066,1
4045,2
4040,4
6662,1
3648,1
6666,4
6667,1
6664,3
5585,1
7,2
5962,1
5964,1
5966,1
5967,2
3665,1
2289,2
3667,1
7737,1
2280,1
2282,10
2283,1
2284,2
2285,10
4549,1
6288,1
4542,1
2135,1
2576,7
2574,1
2572,1
2573,7
10905,2
10904,2
10906,2
10901,2
11459,3
10903,2
10902,2
2375,1
2376,1
2377,2
2371,1
2594,1
2595,3
2596,5
9123,1
9124,3
9125,3
9126,2
3594,6
10655,1
5037,4
10305,2
5035,1
5032,4
2599,2
7275,1
4435,1
1875,5
4430,4
4433,8
1871,2
7913,3
8237,2
7911,1
7910,3
7917,6
7915,2
7914,1
4945,1
6310,1
975,2
4941,3
6596,1
9402,2
5581,1
6287,7
6281,1
6282,2
978,1
2118,1
6043,3
6040,1
181,2
6046,2
6637,2
4649,1
185,1
2111,1
189,1
2115,2
2116,4
2623,1
2626,10
8085,1
1124,2
2628,3
4150,1
6982,1
7351,3
10620,1
5108,6
5109,2
9238,2
9239,3
3288,2
5102,5
5103,2
1913,1
3284,2
5106,10
9231,3
5104,2
3280,8
9408,1
3445,2
3444,2
5831,5
3440,7
3291,1
2756,1
2027,4
2750,1
2023,3
6298,1
11133,1
10494,1
2029,3
2759,2
10277,1
9335,1
881,2
880,1
1181,1
885,1
10270,3
4017,1
10278,3
9058,10
5217,1
10470,4
3149,1
9052,1
9053,4
9054,2
5218,3
5219,1
1968,1
3729,1
7835,6
9332,5
11021,1
8927,1
8925,2
8924,2
8920,3
3988,1
3263,1
9444,1
8929,4
3989,1
3386,1
7502,3
779,1
77,1
76,4
75,7
2979,1
6868,3
6869,10
7106,10
3056,1
3057,9
3054,1
3055,4
6860,1
3053,1
6862,1
78,1
5362,2
5363,1
4210,1
5366,1
5367,1
5365,7
9270,1
1049,4
5369,1
7353,3
10733,1
1680,4
5803,1
1687,1
1686,2
1689,1
9586,2
9927,1
3025,1
7281,1
7354,2
3724,1
8257,1
7199,5
4307,2
8253,1
4304,2
667,1
2987,1
1261,2
4308,3
10013,1
8789,1
11054,3
3388,1
11056,1
10012,1
8783,1
8782,3
8780,4
7280,1
8785,2
3128,1
3129,8
7618,10
7615,8
7616,1
7617,3
7610,2
7611,9
7612,1
7613,1
5095,1
9603,1
9232,1
1465,5
8,1
8653,4
5105,2
8655,3
8654,4
8657,3
8656,3
8431,4
1314,1
8435,4
8437,2
8436,1
5028,8
6914,5
6447,2
9826,3
6910,7
5756,1
9823,10
5754,7
4235,4
5758,5
4233,1
4231,3
2103,1
5594,1
5597,1
5596,1
5599,1
5598,2
8730,2
860,1
7721,4
7722,7
1013,2
7725,4
7726,4
7727,2
10211,1
3949,1
6722,1
1235,4
310,1
3944,1
8514,2
3946,1
7215,4
6709,1
11203,1
1237,2
11205,1
1915,1
6700,1
8327,5
6704,5
8323,2
6706,6
6217,1
9912,10
9141,1
8510,3
4121,1
5383,1
4127,1
4125,1
7434,10
7435,9
7437,2
7430,1
7432,6
3841,1
5687,2
5686,1
5682,3
10014,2
1238,1
2321,1
6675,7
6674,1
4704,3
6671,1
6670,3
6673,1
2696,1
1997,1
6679,2
9843,4
4055,6
4053,1
5671,1
5672,1
7289,2
10492,1
5979,1
5978,3
5973,1
9847,2
5971,1
2983,1
4996,1
8283,1
3614,1
3615,3
3618,1
3619,1
2291,3
2294,4
8127,4
7723,1
6938,1
2568,1
8124,10
8515,1
7305,1
5775,3
2563,1
2565,2
2564,2
8122,1
10914,1
10959,1
2369,1
2366,3
2365,1
5776,1
2363,1
2362,1
2360,1
7926,10
10319,4
9130,9
9137,3
9136,4
10117,1
9134,1
10646,1
9139,1
10313,10
402,1
2589,2
10641,1
1861,2
4441,2
1862,1
4444,2
4445,2
1869,4
3725,1
3726,1
3727,1
3720,1
3723,4
4930,1
10475,3
960,2
961,3
962,2
9059,1
6297,1
6296,2
6294,1
6293,1
969,3
4688,3
6290,1
2109,2
9689,1
6055,2
6054,2
10351,1
2100,2
5444,1
2105,1
5213,3
3526,1
5114,3
5116,1
5111,2
10001,1
2631,2
5118,1
10093,1
36,2
35,1
9229,2
9228,2
9227,2
9226,3
9224,2
9590,6
9221,4
9220,6
3438,2
3439,1
3430,2
3432,1
3433,2
3434,1
2037,1
4849,1
2747,1
2030,1
9,10
2748,2
4598,3
4599,1
4840,1
10485,1
2039,1
892,1
893,1
894,1
895,2
10266,1
3233,2
10268,1
10269,1
3095,1
5201,1
5200,5
9049,2
10776,1
5027,1
9042,2
9040,3
9047,2
10468,1
9044,8
3545,6
3540,10
3543,10
3548,1
3549,1
6388,1
10084,1
8917,1
8914,3
8915,1
3238,2
1788,1
2966,1
2961,1
2960,1
11197,3
2962,1
762,1
11198,4
1783,1
1785,1
1786,3
4440,1
3048,1
7111,1
7110,2
6879,2
6878,5
3041,1
6876,1
6875,4
6874,6
6873,3
6871,1
5379,1
5378,1
1079,5
1076,3
1074,1
1075,2
5373,2
5372,5
7290,1
1675,2
5394,1
1671,1
1672,3
8220,10
8223,4
1090,1
1091,4
4338,6
1093,2
4336,1
675,1
677,1
670,1
4333,3
9846,1
4331,2
3135,1
3521,4
6399,2
3131,1
3133,2
3132,7
3139,2
10026,1
645,1
7609,2
7607,7
7604,2
7603,1
1418,6
2491,1
1410,4
1414,4
1416,1
1322,1
1324,1
1325,5
11343,1
8682,5
6450,4
9852,8
6452,2
6903,2
6902,7
8684,4
6459,4
8135,5
5764,1
8689,2
4207,1
6909,9
6908,1
8340,1
5568,2
5569,3
5564,2
5565,1
5567,2
5560,7
8346,1
1524,1
7739,1
1527,2
1520,1
1523,1
7730,3
1528,2
7736,3
7735,2
1259,10
308,2
309,3
3959,1
4862,2
3951,1
303,1
305,2
3955,2
307,3
8358,6
8359,1
4115,2
4112,1
4110,3
8353,1
8354,3
4592,1
10708,1
7668,1
7102,2
7424,1
9284,1
73,1
4249,1
7105,1
9263,1
852,1
1625,1
5158,1
10323,2
2474,4
6604,2
6605,1
6606,3
7109,4
6608,1
10855,2
5942,1
5943,3
4064,2
4065,6
4069,10
3898,1
1603,1
10021,1
10329,1
5786,1
5780,1
5019,2
3051,1
5788,3
3603,6
3601,1
3600,2
3604,1
4897,1
3609,4
4896,1
4487,1
4895,1
3347,1
10731,1
10481,1
3891,1
6114,3
6115,1
1044,1
6110,10
7876,1
6112,1
2449,1
9505,1
2359,1
10927,1
10924,1
2353,1
2357,7
7871,1
7283,1
7282,3
10679,5
1048,1
7287,3
9862,2
7394,2
7284,8
7939,4
7938,5
9456,3
10670,5
9102,10
9103,2
9100,1
9453,5
4452,1
4451,1
4457,5
5445,1
3739,1
7974,1
3737,3
1895,5
3735,1
3734,2
10656,1
1892,2
4923,1
4690,1
4920,1
2132,5
2133,1
4697,1
4696,1
4699,1
7971,3
4929,2
2138,2
6029,2
7973,1
6022,3
6025,1
6026,2
5181,1
6266,2
5162,1
5163,2
10075,4
5165,3
5166,10
6267,3
5168,2
2642,1
2645,2
2646,1
2647,1
10700,2
9212,2
9213,2
9210,1
9216,3
9214,2
9215,2
2735,1
3423,1
2782,1
3425,1
2002,1
2003,1
2000,1
6337,2
6330,2
4588,2
6332,5
6333,1
4854,3
4853,2
4852,1
4851,1
9691,1
9077,2
9070,3
10294,3
7664,1
10291,4
4301,1
10293,2
9079,7
10452,2
9676,10
8256,1
9672,2
9673,3
10104,3
10100,8
10103,2
6964,2
6064,1
3555,1
3554,2
3553,3
4305,1
668,1
3558,10
10583,3
8909,1
8908,1
10588,2
8902,2
11182,1
2911,1
1798,2
9548,1
1793,10
8152,1
714,1
713,1
4176,7
1795,1
7128,1
7129,4
7126,1
6843,6
6840,3
8151,10
6846,3
6847,1
7120,2
7121,4
5308,2
9545,1
9833,1
5956,1
1064,3
5307,2
9091,1
329,1
2074,1
1087,6
8232,1
1085,1
8230,2
6594,2
8236,4
8235,3
6597,3
599,3
4320,5
4322,1
1089,3
6757,2
3141,2
3143,6
2829,1
2824,1
2825,6
2826,1
2820,1
569,1
5414,3
5416,4
5410,3
3380,1
5413,2
7632,1
7631,1
7636,1
7953,2
7635,1
1408,1
1402,2
1407,2
1406,1
1086,1
5344,1
4217,1
5791,1
4200,1
1335,3
442,2
447,1
4218,2
444,3
6932,3
9842,7
9841,2
6931,6
6936,10
6937,6
8129,3
8695,8
5770,1
9849,3
5772,4
8123,10
5774,2
8693,2
1543,1
4425,1
10783,1
39,5
38,3
7702,1
7703,2
5578,4
33,10
32,5
31,7
30,1
37,3
5572,10
5571,1
641,1
1242,1
3096,1
1247,2
1246,6
3098,2
9834,1
10038,1
8506,1
3121,10
7132,1
338,5
334,4
9318,1
2737,1
4100,2
11117,1
4107,1
3268,1
4109,3
8341,5
11224,2
11223,1
5126,3
8710,1
5127,1
9164,6
543,1
10677,1
540,3
10030,2
7410,2
3899,2
7416,4
3892,1
3893,2
3890,3
7419,1
3894,1
3895,1
7272,1
8853,1
7273,1
9425,1
7945,1
6613,2
6611,1
6610,2
6616,2
6615,4
6614,1
6986,1
6619,6
6618,4
1496,1
7191,1
5951,1
10842,1
1466,2
4079,7
10845,3
5957,1
4618,2
4075,1
840,2
4071,1
4070,1
3967,1
5792,1
3960,3
5790,1
9167,1
8851,1
3636,1
10369,1
8432,1
10358,1
235,1
6451,2
9160,1
8850,1
2347,1
2346,4
2340,1
6109,2
10368,1
6106,1
6104,10
2348,4
6101,1
9790,1
10934,1
10935,1
4616,5
9161,1
10933,3
9119,8
9118,2
9449,1
9448,1
9111,1
5904,1
10739,1
9442,3
9116,4
4469,2
3702,1
3703,1
9162,1
1884,2
4462,1
4463,1
1881,1
1880,1
9530,1
5753,1
2123,2
2124,4
2127,2
946,3
4665,4
10736,1
4660,4
6981,1
4663,5
6039,1
5750,1
6591,1
6442,3
6031,3
6030,2
4370,2
6036,7
6035,4
5173,4
8233,2
2659,2
9206,2
5177,2
9200,9
5175,3
10065,6
5179,1
2650,2
9209,4
6102,1
3417,10
7388,10
3410,2
8531,3
7383,1
7381,1
7386,1
7387,7
6369,1
5924,1
4234,2
5544,1
6454,1
6326,5
10364,1
6324,1
6323,1
6448,1
9681,4
9680,1
9683,1
2016,2
2011,6
9687,3
2012,2
9065,2
9064,1
9067,3
9069,1
10282,1
10280,3
10281,5
9666,2
9664,1
9662,5
10116,2
6569,1
10114,1
10447,1
10112,2
10113,2
9669,10
9668,5
7254,7
3561,1
7250,1
11023,2
7252,1
3335,1
3568,2
7258,1
7259,2
10838,1
4484,2
4485,1
10591,2
4480,2
4481,1
4482,1
4483,1
8970,1
10552,2
8972,1
8973,1
4488,3
8975,4
10553,2
6855,1
6854,3
2901,1
10490,1
6851,2
709,1
6853,2
6852,2
705,5
2909,1
707,1
6859,6
6858,3
702,3
703,5
88,2
89,10
2886,1
80,7
81,2
86,2
7137,3
7136,1
5319,1
10252,2
5311,1
5272,1
5317,3
7685,2
5314,1
8804,3
8806,3
1659,5
8800,9
8801,3
8803,4
1652,1
1650,5
1651,1
1657,2
1389,2
6583,1
1986,1
6581,2
6580,6
8758,5
8759,4
6585,2
8209,10
8754,3
8205,4
8751,1
8753,10
7625,1
3152,1
7627,3
3150,1
7621,2
3155,2
3154,3
11083,1
6013,1
11080,6
7628,2
2830,1
3391,1
5405,1
5404,1
5403,1
5402,1
3397,3
3396,2
3399,1
5409,3
1381,1
4501,1
4260,4
10649,1
4263,4
4264,5
4265,1
10267,1
5234,1
1342,5
1343,1
8119,1
6929,1
1737,3
9440,3
4467,1
9877,2
6927,1
1736,2
6921,2
3032,1
9870,4
9871,1
7710,1
7713,5
5549,2
7715,2
7714,3
7717,2
7716,6
7719,8
7718,1
5540,8
5541,1
5546,1
846,1
5545,3
1502,10
657,1
1500,1
655,4
653,1
8598,1
8599,3
3085,2
8595,10
8593,2
8590,4
8591,1
8377,1
8375,1
8373,2
2120,1
317,1
8378,1
8379,1
8574,6
8575,1
5893,1
7124,1
5895,10
8572,6
5897,2
5898,5
11232,1
314,1
5278,1
3885,2
11201,1
3887,2
3883,1
3882,3
3888,10
7125,1
7409,1
7408,1
9196,1
7406,4
7402,1
54,1
942,1
6628,2
6627,2
6624,1
10741,1
6703,5
6620,3
7428,1
4008,1
6526,1
4002,1
4003,10
4005,1
4006,2
4007,2
3971,5
9895,2
9896,4
321,7
9891,3
9892,1
3976,1
3979,1
3978,1
8322,2
1904,1
4283,2
3627,2
1254,1
9527,1
9915,1
567,1
5612,1
2332,4
6139,1
4711,1
6132,3
6133,2
4718,1
6137,4
6135,2
10949,1
10948,1
3073,1
3074,5
491,2
10947,1
1590,1
3715,2
9205,2
8142,1
3716,2
3076,1
5172,1
9472,2
9473,1
9470,1
9471,5
3719,1
3718,2
9653,2
3078,1
9521,1
2658,1
8189,2
571,1
4474,8
9602,1
4476,1
6007,10
6004,2
3172,2
5422,1
4903,1
9202,1
4904,1
4671,1
6009,5
9290,1
9458,1
4947,1
9605,1
2651,1
2243,6
995,1
2465,2
7397,5
7396,5
9274,2
10728,3
5148,6
5149,5
10727,1
10054,7
7399,1
10720,1
5141,1
6392,1
3400,3
3403,3
383,1
3404,4
5930,1
3409,1
3408,2
4874,2
4877,1
365,2
4871,2
7956,2
7086,8
7530,2
10613,3
2799,4
6317,1
10617,1
6315,6
9168,2
2062,1
2791,3
2065,1
11269,1
135,1
9094,3
1182,1
9096,1
3255,1
5420,1
9652,2
7229,5
575,1
9657,6
9606,1
5073,1
10431,2
10122,1
10121,3
7165,1
10693,1
10124,1
7247,4
7246,1
7245,1
7244,2
7242,2
3575,2
5091,2
7873,1
3570,1
7248,10
9781,1
4495,3
9783,3
2662,5
2663,2
4491,1
2661,1
8962,1
9163,1
2668,1
4498,5
6820,2
6821,1
6822,6
6823,4
6824,10
6825,2
6826,1
6827,1
6829,1
5326,1
10544,1
10547,1
5322,1
10540,2
10543,1
5321,1
8486,1
5657,5
7682,1
1645,6
1647,1
1646,2
6930,1
1640,1
8875,1
1902,1
1648,2
8817,1
6676,4
3259,1
8812,1
8819,2
11094,1
8218,2
11092,1
8747,1
8210,3
8213,2
6179,1
8743,1
576,1
8217,3
8740,1
7651,2
6865,1
7653,1
7655,2
3168,2
7658,2
1160,1
3161,2
1421,1
7097,10
5430,2
1422,4
7092,2
3369,8
7091,4
3365,2
3366,1
5439,2
8536,1
2156,1
3362,4
7099,2
731,2
1205,1
732,2
2900,1
2150,1
1217,1
2001,1
4273,1
8104,6
1359,1
8106,2
8101,3
10749,2
8103,3
4274,1
1352,5
467,1
3061,1
8109,1
1356,2
1200,3
5554,6
6488,7
5556,3
5152,1
5653,1
4988,10
9861,3
9860,4
6480,2
6953,4
5559,5
9864,3
6956,1
6485,2
11143,3
11141,1
11148,1
8589,1
4750,1
6329,1
1515,2
8580,5
10740,2
1510,2
8365,1
8366,2
6770,7
10525,2
4277,1
5882,2
8565,1
5880,2
5887,1
5886,8
5885,2
8560,7
8093,1
5889,1
5888,1
10522,2
6555,5
6556,6
5642,2
6550,1
6551,2
6553,5
6558,10
8272,2
10946,1
3187,1
3180,2
3183,1
7472,2
7473,3
3189,1
7477,1
6638,6
9812,1
6632,1
6635,1
6634,3
4220,2
7118,10
4019,1
4013,1
1897,7
4016,1
6483,2
4014,1
9886,1
355,2
9884,1
7500,1
352,3
351,3
9560,3
3984,7
11295,1
3980,1
11070,2
359,1
9888,10
11071,1
11076,4
3101,1
10753,1
10444,1
6127,3
6122,1
2544,1
2323,1
8673,1
4705,3
2320,3
2327,1
4702,1
2325,1
2318,1
2328,1
1113,1
4709,3
288,1
8670,2
10442,1
2292,1
1443,1
6362,1
10951,1
10956,2
284,1
10954,1
1114,6
3760,1
3764,5
8675,2
3769,1
8674,1
5436,1
9465,1
262,2
260,4
267,2
286,1
269,2
5662,1
2499,1
4633,1
7026,1
6012,10
6015,1
6014,3
6017,2
6016,1
4642,3
1564,1
2493,2
4647,1
4644,2
8336,1
2193,2
7898,2
7899,1
2257,1
2255,1
7895,1
7892,3
7893,1
7891,1
5159,2
9262,6
9261,1
989,4
2473,2
9265,1
2470,3
10040,1
7311,1
9268,1
5155,6
5154,1
5157,1
2478,2
7875,1
9276,1
7877,10
111,2
110,1
112,4
2785,1
4638,1
6913,1
4806,1
4807,4
10602,1
9464,4
10600,1
2078,3
10606,4
1476,1
10605,1
6305,2
6307,3
3680,1
9468,2
2075,5
6302,3
10136,6
9089,1
9087,1
9084,3
9081,2
8971,1
9644,7
9647,2
10421,1
10426,1
10424,4
9310,2
3508,4
8957,1
5088,3
8952,10
7277,3
8950,1
8951,2
5083,2
3502,2
3504,1
5086,5
3506,7
9793,1
2670,1
9791,1
8418,2
2675,5
9795,2
2560,7
8556,6
9798,1
52,1
6833,10
2928,1
6831,7
6837,10
6836,1
6835,3
2902,1
2921,1
2925,7
6877,1
2926,1
10557,1
10555,1
5335,2
5334,2
11275,1
5339,6
708,1
8006,1
2906,1
1630,1
3215,1
1632,2
3217,7
3210,2
1636,3
1637,2
1638,2
3218,2
3219,2
8823,1
8820,5
8821,6
8826,3
8415,2
8824,3
8825,1
8828,8
10047,1
965,1
8779,1
2810,1
2812,1
560,1
8773,1
8770,7
566,4
701,3
7642,1
7645,1
7644,10
3171,8
8199,1
7649,1
7648,4
3177,1
9014,1
7083,1
5429,2
7084,3
7087,4
7031,5
10414,1
7088,2
5427,3
5426,1
3373,2
7123,1
5423,3
3370,1
724,1
725,2
1748,1
1749,1
1744,3
7034,6
7104,1
8170,2
8171,1
6497,1
8095,1
8174,5
8175,8
8176,5
7291,2
8178,1
7693,1
7037,1
6498,1
6465,1
2137,1
5521,1
7293,10
5525,2
5527,3
6942,1
6548,3
5496,1
6944,3
11170,1
2581,1
48,4
49,3
46,2
3302,1
44,2
45,2
43,9
40,1
1569,2
1298,6
1299,9
1292,1
5493,1
1296,1
10644,1
1566,1
1295,2
8698,1
9138,1
8399,3
1712,1
8395,1
591,1
475,10
8392,1
8552,7
8553,2
8551,3
8008,5
8557,4
8554,1
8558,6
8007,6
8000,1
8092,1
6546,2
6545,1
5638,2
6542,1
6541,1
4390,1
4391,4
4394,3
4397,2
8481,3
7469,2
7468,2
3193,10
3192,5
474,1
3190,4
7462,3
3199,2
1369,1
