1765,0
4023,0
11544,0
4028,1
5988,1
11383,0
5982,3
10894,0
1159,1
7516,0
346,0
7512,0
7511,1
3998,1
3995,0
3992,4
3885,0
10613,1
6487,0
6153,2
6156,1
6157,0
6158,1
10966,0
6794,2
10964,0
6792,2
4737,0
4734,2
2319,1
2316,2
2315,0
10969,0
5855,5
5856,1
5857,0
5852,0
11251,0
294,1
3681,0
6726,0
3772,1
3770,2
3777,1
4020,4
3774,0
6724,0
4655,2
271,2
4657,4
4656,0
4651,1
4521,0
4652,0
4658,2
6728,0
8208,0
7889,1
7888,0
11768,0
7004,1
7883,1
7885,1
7887,2
7886,3
10708,0
9524,0
10702,0
10701,0
9255,0
11382,0
9522,0
10704,0
10418,4
108,1
109,1
7862,1
103,0
7868,0
2517,2
4819,0
5826,3
7036,2
6378,0
9411,0
9412,0
9413,2
9414,0
9415,1
10639,0
10638,0
10143,3
10142,0
10145,1
10146,0
8042,1
4140,0
9639,1
9328,0
9329,0
10383,3
9632,0
9326,0
10388,0
8941,1
8940,0
8942,0
7269,0
7268,0
8948,0
7266,1
3515,0
6204,0
2688,0
2685,1
10165,1
2683,2
5675,1
342,3
6809,2
6806,0
2631,0
6802,0
6801,0
9744,0
9745,0
9747,0
10567,0
10565,3
9743,0
90,2
93,3
92,0
94,1
1991,0
10092,3
10091,1
1620,1
1995,0
10096,0
10095,1
10094,0
10099,2
5189,0
5481,0
8838,2
9335,0
8837,2
8831,0
8832,2
2867,1
2868,1
551,1
9595,1
7674,0
7671,0
3349,3
7078,1
8728,1
3342,0
3340,1
7077,0
3346,1
7073,1
1756,0
8163,1
1174,0
6972,0
8166,0
8164,2
4250,5
1178,1
5538,1
11169,0
11165,0
11166,0
11167,0
8764,0
8767,0
8766,0
7181,0
7182,0
6475,0
7185,0
7186,0
8389,2
1226,3
8384,0
8503,0
8380,0
8548,0
8017,1
8016,1
8541,1
8011,1
8542,1
6571,1
6576,0
7453,2
7173,0
6575,0
5627,0
5626,0
6578,0
4380,0
2191,1
8493,0
406,1
1372,0
403,2
8496,0
8495,1
8494,0
7699,4
409,0
3831,0
5995,0
5994,0
5990,2
10882,0
10962,0
5663,1
10961,0
11374,0
6791,0
8293,5
7526,0
7527,1
7525,1
7528,1
374,1
6140,0
6146,2
6148,0
3593,4
6780,5
2195,0
6784,1
10977,1
10978,0
2300,1
4727,1
3204,1
4722,1
5844,1
5842,0
5840,0
11284,0
10809,0
7044,1
7710,1
3746,1
3203,0
3744,0
299,3
3743,0
245,0
4621,0
4622,2
11156,0
240,0
243,0
5914,0
4629,4
11756,1
7717,0
7716,0
10464,2
11595,0
11591,0
7493,0
2705,3
2888,1
7491,0
9539,0
9538,0
9536,2
9535,2
9533,1
9532,0
2453,0
9246,0
7853,0
7856,0
7858,0
171,0
10502,1
5072,1
3690,0
4824,0
4530,3
4531,4
4820,1
7980,0
7981,1
9401,0
7984,0
7986,2
6362,0
9409,0
6360,0
7353,2
10627,1
10152,1
10153,1
10402,1
11978,0
9333,0
10155,0
10409,2
9338,1
10392,0
10397,0
9623,0
3229,0
9620,1
9626,2
3528,1
3086,2
7211,1
7215,0
7217,0
10714,0
10715,0
10710,1
6211,3
6210,0
274,1
10719,1
6819,1
6815,0
9757,1
9754,0
9753,0
9751,1
4554,0
10573,1
7326,3
1969,0
7322,2
7323,2
5194,0
1967,1
7329,1
5193,0
8848,1
8841,1
8844,2
8846,0
2872,2
2870,2
7669,2
3354,0
802,1
7663,0
7662,2
7665,0
11688,0
7069,2
4989,1
5447,0
7061,0
1769,0
8571,0
6960,2
6962,1
8629,1
1145,2
6969,1
8627,0
8152,0
8621,2
8151,1
5509,0
5502,0
5500,2
696,0
1541,3
11113,1
1549,1
542,0
8711,1
8712,0
7198,3
8715,0
545,3
7191,2
7194,4
6402,0
11445,0
6403,0
1859,0
8538,0
8539,1
8023,1
1787,0
8026,0
11760,1
6407,0
11024,1
7445,0
7560,1
11023,0
7449,0
11029,0
11028,0
414,3
7685,0
7684,0
2264,0
7681,0
413,3
1387,0
419,0
1383,0
3326,0
3581,0
6512,3
5001,1
3829,0
8444,1
8446,4
8440,0
7568,0
11561,0
7569,2
8448,0
4281,1
10334,0
11367,0
4288,0
11365,0
11360,5
7535,0
7534,0
364,0
7536,0
7530,2
7533,2
10700,1
1945,1
6178,0
6179,0
389,1
6175,0
7592,0
6779,0
4752,0
6777,2
6770,1
10982,0
5876,0
5877,0
5875,0
11296,0
9969,1
1778,1
9483,0
4630,1
4636,1
4635,1
4634,0
2199,0
4639,0
251,1
2200,1
2202,0
2204,0
7229,0
2207,0
11748,1
2340,0
7905,0
6688,0
11587,0
6687,1
2400,3
9509,0
3582,0
9500,1
9516,5
9505,3
6272,1
7848,0
5049,1
7847,0
160,1
161,2
7843,1
4838,0
6354,0
4528,1
4833,1
3687,3
4834,2
2880,0
1843,0
11638,0
9438,3
6278,1
9436,0
7999,0
9435,1
9430,0
9340,0
9617,0
9342,1
9615,0
9346,0
9611,0
5294,1
5290,1
9187,0
9184,1
10369,0
5059,4
3536,0
5055,1
5057,0
10361,0
5052,0
1814,1
1817,0
1813,1
7203,4
1093,0
6223,1
6220,0
6221,1
10765,1
10764,0
10769,0
6072,0
10509,1
9767,1
10200,1
9769,0
4950,2
9293,1
7334,2
7333,1
9298,1
8858,1
803,0
8852,3
8850,1
2848,0
2844,1
2842,1
2841,0
10217,0
10216,1
5473,4
5470,1
10212,1
10413,4
5478,2
5276,0
7059,1
10181,0
5272,0
10182,2
7053,1
7056,0
10188,1
8149,0
6998,0
324,1
8140,0
8142,0
8145,0
8632,0
10319,1
5803,0
5511,0
5512,0
5516,0
59,4
7609,3
1557,0
10386,3
11103,0
3036,0
53,1
52,2
8702,1
8707,0
8705,1
8704,3
8709,0
8708,2
6416,2
8036,1
8030,1
1558,2
4885,2
7341,1
8038,5
3294,0
8529,0
5606,0
5600,1
5602,0
9991,1
8522,0
8521,0
8527,0
5608,0
1975,1
11034,0
3297,1
11030,0
1902,2
3172,0
1903,2
420,4
10431,0
1390,1
3812,0
3819,0
8455,0
8454,1
8453,0
8452,1
8451,2
8450,1
8459,0
11358,1
6420,0
6421,2
11351,0
6429,2
7548,0
3512,0
7540,1
7542,1
7543,1
6168,0
9116,0
6163,0
6164,0
6769,1
6767,0
10997,0
4741,0
6763,0
6762,0
10991,1
9977,0
4388,0
9979,0
225,1
4601,0
6451,3
2210,0
9851,0
7582,1
2219,0
5607,1
6209,0
6691,1
6697,1
6902,2
2438,1
156,1
7838,0
8135,1
7832,1
8688,1
6341,0
6340,1
6349,2
10475,2
9429,2
9428,1
6185,0
6184,0
6181,2
6180,1
9421,1
2506,0
9423,0
2504,1
2727,2
5288,0
2725,1
2724,2
9357,0
2722,0
9355,0
9606,0
9609,0
9359,1
10173,0
5285,1
5287,5
7236,2
7946,0
7940,1
7941,0
9197,1
7943,0
9199,0
5043,0
10370,2
7239,2
3042,0
99,1
3780,0
7607,1
8990,0
8991,1
8996,0
4996,1
10773,0
4995,1
4992,0
6234,0
6236,0
9519,1
6230,0
6233,0
6232,0
8982,3
10564,1
9778,0
10512,0
9773,0
10515,3
7303,0
7306,1
7307,0
7304,0
8861,0
1942,1
3251,0
9281,0
10247,1
818,1
813,1
2859,0
10093,1
2855,0
1621,0
2857,1
10206,1
5460,0
3331,0
5462,3
1494,1
7043,3
7042,1
10097,4
7049,0
423,0
10208,0
10209,0
10197,0
10194,2
5264,1
10192,3
5262,3
5261,0
10198,1
5188,0
2708,2
1628,0
6988,1
6983,0
6981,2
6980,1
3654,0
11134,0
11133,1
230,1
11139,2
2989,2
3020,1
8736,2
8734,1
8735,0
8733,1
1012,1
1013,0
8041,0
8514,1
8515,1
1230,1
8510,0
8511,0
4197,0
1239,2
8518,1
8519,0
8284,0
8285,0
8282,2
8283,1
8281,2
5678,0
4357,3
11662,1
11212,1
6509,1
6508,1
11007,1
11008,1
11211,2
4902,2
3803,1
8462,0
8463,0
8460,1
11342,1
11343,0
8468,0
8352,1
8193,2
8196,1
8197,0
5702,0
7558,1
7551,2
11177,1
7556,0
10690,1
4772,0
5719,1
2505,0
4176,2
6759,0
6750,1
6751,0
10563,5
5819,1
9946,1
5812,0
5813,1
3066,1
5065,0
6897,0
7394,6
5066,0
6898,3
9603,1
237,2
4615,3
231,0
233,2
2462,1
1,1
4880,0
5921,0
5922,1
2940,0
142,0
2468,1
10560,0
1052,0
5143,0
4505,1
4507,0
4506,1
4502,0
7822,1
7821,1
9376,0
1056,3
2082,2
2081,0
11650,1
1193,1
2715,2
9366,1
5454,1
9365,2
9360,0
9361,0
8985,4
7956,1
9168,1
8983,2
7950,0
10691,1
5073,0
10340,0
9160,0
10694,2
9162,0
7958,0
1832,1
3566,1
3798,0
6921,0
3791,0
9172,2
6249,0
938,0
10749,0
9567,1
9568,0
10745,0
10741,2
2409,1
5380,0
10525,1
10524,0
10523,0
5385,1
10521,0
11839,0
5389,1
10529,0
4144,1
9703,0
9705,0
8871,0
3249,3
7319,0
11985,0
7314,1
7316,0
7311,0
7310,0
6603,1
1177,2
7925,0
7031,0
7032,0
619,0
7034,2
10236,2
3308,2
3309,1
8167,0
5253,1
9386,0
1710,0
791,0
9383,1
5259,0
9388,1
9389,0
27,5
9570,0
1139,2
1132,3
10616,0
1136,1
1135,1
11124,0
10790,0
7789,1
7782,4
3018,0
3019,0
1994,0
7144,2
7145,2
4065,0
3016,1
7141,1
3014,0
3015,0
4743,2
1003,1
10994,1
8500,3
8051,3
11505,1
8504,0
8291,2
8290,1
6534,0
6533,2
8791,0
4345,0
4343,2
4342,1
4341,1
4340,2
7498,0
7499,0
11018,4
2885,0
7492,0
8246,0
11016,1
11017,0
7496,0
7494,0
8617,2
8797,1
8619,1
3879,0
3877,2
11331,0
11335,0
8471,0
8470,0
8473,1
7566,2
7567,1
13,1
12,1
15,0
8188,1
6404,1
19,2
18,0
5713,0
5711,1
5710,0
7766,0
7767,2
5863,0
7763,1
7768,0
7769,1
3906,0
3908,0
4761,0
4760,1
4763,0
11489,0
6742,0
4769,0
6749,3
9658,0
11480,0
4161,1
11244,1
1579,1
4169,0
5808,5
9958,3
9955,0
5802,0
9957,4
5800,1
5807,1
5806,1
9953,4
200,2
3471,0
2238,1
11798,0
11793,0
10825,0
5933,0
5932,0
10820,0
5939,0
3496,4
3497,0
3490,0
3491,1
4571,2
8425,0
4578,0
3652,2
8423,0
11664,0
2521,1
2520,0
11661,1
7368,0
2529,0
2528,0
11668,0
11460,0
10338,1
10354,1
5064,0
5067,0
10357,0
10351,1
5063,1
9371,1
9373,0
10358,2
5068,3
2702,0
7961,1
7967,0
7964,0
7965,2
10683,3
10687,0
9170,0
1825,0
2214,2
1821,2
4403,3
9573,0
6258,0
2414,1
8124,1
2140,0
920,2
10751,0
9579,1
4972,1
10073,4
10531,2
10532,0
10533,1
10537,1
11800,0
3277,0
3275,1
3272,2
3273,0
9712,0
832,2
7369,0
830,0
3470,1
8889,1
3473,1
8884,1
8885,0
10183,0
8880,0
7366,0
8122,0
6829,4
3956,3
7023,0
9006,0
9005,1
9004,1
7027,2
10229,0
2449,1
5488,1
5487,1
5485,1
7028,0
10221,1
9009,0
6577,6
784,0
9007,1
786,1
9392,1
3318,0
5244,1
1724,0
7451,2
789,2
9012,1
5242,1
4383,2
9003,0
6471,2
7026,0
7933,0
6476,0
7799,2
7798,1
63,1
10466,1
7591,0
7791,0
69,2
7793,1
3009,3
7797,0
5484,1
7157,0
7156,0
1581,2
7150,2
7939,0
8490,0
10222,1
508,3
7938,0
9456,0
1212,0
631,0
1210,2
1211,0
7692,1
636,0
637,1
9102,1
6520,3
7486,0
7481,0
7482,0
6529,0
6528,0
8266,0
5652,3
8262,0
8263,0
11065,0
2893,0
2892,2
1106,0
8663,2
1101,0
1108,3
4080,1
4082,5
5246,0
4084,0
3863,0
3862,0
3860,1
919,4
3865,0
11321,0
11325,0
8400,2
8402,0
8403,1
8404,0
8406,2
8407,0
7573,0
7575,2
7574,1
7576,0
9814,2
6414,3
5721,0
6411,2
9811,1
9812,1
6412,1
7777,1
7774,0
7772,0
3912,0
3910,0
3919,0
3918,0
6730,0
8315,0
6732,0
8317,0
6734,0
6736,0
6738,1
4796,1
4797,2
5837,0
5832,1
4157,0
8082,0
4155,1
11256,0
11254,1
11255,0
8089,0
5839,1
9928,0
9929,1
8336,0
9922,1
9923,1
9925,0
9926,1
8334,0
11095,0
11784,0
6088,0
6086,1
6084,2
6085,0
6082,0
8339,0
6648,0
4336,1
6647,0
6640,0
5902,4
5900,0
5901,3
10817,0
10815,0
10814,0
3489,2
8212,2
7806,1
3481,0
3483,0
3485,1
3484,1
3487,1
11099,0
4562,0
4560,0
4566,3
3649,0
3648,1
3646,2
3643,1
3642,1
6398,0
2553,0
11674,2
11677,1
6392,3
2559,1
11477,0
2394,0
11472,0
11728,0
2390,1
2391,0
65,2
10321,1
10323,1
10322,0
9840,0
9600,0
5018,0
10328,1
4891,1
4890,0
2774,2
2775,0
4895,0
9499,0
9148,1
9149,2
9490,2
9492,1
7976,0
9494,1
7972,1
1858,2
6267,3
6265,0
6261,2
2720,0
4413,0
4411,0
4410,0
6066,3
6060,2
9549,1
4966,0
9544,1
9545,1
6069,0
4960,0
9722,0
1420,0
4083,1
9729,1
10782,0
10781,0
1589,0
10039,2
5129,0
10785,0
5124,0
5125,0
10037,1
1938,0
10031,1
10030,0
5122,0
8898,2
8896,0
7091,1
7234,0
7233,2
7230,2
9032,1
9034,0
7016,0
7017,1
9039,2
10255,0
10254,1
10257,1
1739,1
931,1
5232,1
5235,0
1737,1
1736,0
11815,0
11816,0
7284,0
11818,0
755,1
758,3
1591,1
2959,4
2954,0
2951,0
1025,3
7168,2
1026,1
5343,3
7162,1
7163,0
7167,0
4364,2
4367,0
4361,0
8071,0
4368,3
8278,0
5643,1
8274,0
5644,0
8270,2
10772,0
11078,1
3104,0
3106,0
11071,1
11076,1
3103,0
1111,1
8671,0
8670,0
1114,0
8675,0
1116,2
9511,0
4754,0
4092,0
5737,1
5731,3
5730,1
489,1
11318,0
8413,0
8412,0
8411,0
8417,1
8416,0
9152,1
6468,1
5555,0
7589,1
9809,0
5554,2
6460,0
7587,0
9803,1
6465,0
9801,1
9518,0
7741,0
7749,2
990,1
3922,0
9861,0
8305,2
8304,0
8302,1
8301,0
5657,0
2306,2
4782,0
5821,0
11269,0
8094,0
5825,1
8092,0
8090,2
5828,1
4146,0
11266,0
9864,1
3850,1
9932,1
9931,2
9930,1
9936,1
17,2
6096,1
10452,0
6654,0
6653,0
10808,0
5918,1
10805,1
5913,0
2891,0
196,0
6385,2
6381,0
6326,0
4558,0
4556,0
3296,0
4552,2
4550,0
2546,0
2548,2
9679,1
11441,2
2382,0
2385,0
2384,1
2387,1
2389,1
9772,2
9155,4
9154,0
9157,1
3583,0
5007,1
5006,2
9153,0
10335,0
3588,0
2762,0
2761,1
10339,2
2767,2
7908,0
7909,0
3676,0
9488,1
7900,0
9481,0
9486,0
9484,0
6271,0
6270,0
6273,2
901,1
906,1
4422,1
1842,1
908,2
247,0
9559,0
9558,0
4958,0
3291,5
2168,5
6070,1
9551,2
9553,2
9552,1
9555,0
9554,0
4954,1
9556,0
9735,0
9734,1
4540,0
3869,0
7345,0
10798,0
5139,0
1909,0
10026,0
10795,0
10796,0
10025,1
3290,0
10791,1
7348,0
3293,5
3456,0
3457,0
272,1
7092,3
3458,0
858,1
859,0
9002,0
7009,0
9029,1
9028,0
10588,1
9025,1
7000,0
7002,0
9020,0
10244,0
8906,4
5220,2
5227,1
5225,1
5224,1
8934,0
8936,1
8931,0
8933,0
8938,1
5237,0
749,1
7174,0
7177,1
6894,0
8067,0
6899,0
2946,1
2944,0
2943,0
2915,1
5357,2
5356,0
5355,1
5352,0
5351,0
1057,1
1058,0
1696,1
717,1
4311,1
4313,1
4314,0
4315,0
4316,6
4319,0
1273,0
1274,3
614,3
8798,3
8799,0
8243,3
8792,0
8241,0
8794,0
8247,0
8245,0
7045,2
10207,1
11599,1
3115,1
5463,1
3111,2
8649,0
8646,2
8644,0
8642,1
8643,0
8427,3
1307,0
1300,0
1496,0
8420,0
3591,1
5727,0
11601,0
5745,1
5746,0
5748,0
5749,1
4227,1
490,2
6840,1
5586,0
25,0
26,1
5585,0
20,1
22,1
7598,0
9832,1
7595,1
7593,1
29,3
9834,0
7755,0
7753,1
7752,1
1069,0
2451,0
3930,0
11275,0
8331,0
11270,0
6718,1
6716,3
6717,0
8338,1
6715,0
6710,3
9906,1
9907,1
9903,0
4136,1
5697,2
1871,0
4818,0
11319,0
4045,0
6667,0
6664,0
5962,0
5966,2
3660,2
2281,0
2282,1
2285,0
4548,0
2052,2
3983,1
4941,2
4546,0
8314,0
11697,0
11690,1
2571,3
2379,1
2376,1
11452,0
2594,0
2596,2
10659,0
2591,2
9126,1
3594,2
10655,2
10656,0
10303,1
10302,1
7275,0
4434,1
7918,1
1872,0
4430,1
4432,0
7911,3
5373,2
7917,0
7916,1
975,2
4946,2
6288,0
4940,0
9402,0
5581,0
6287,1
6281,0
6282,1
184,1
2110,0
189,3
2115,0
2116,4
2117,0
2621,0
2626,1
1124,0
2628,1
9582,2
5108,2
9586,2
9239,1
3289,3
5102,0
8080,2
5106,0
9231,0
5104,0
3280,0
10623,1
11258,0
5831,1
61,2
3440,0
2027,0
10493,1
2758,0
2759,0
10276,0
881,1
880,0
884,1
10150,1
10278,1
5216,1
9059,1
7336,0
10470,1
9051,2
9052,1
9053,1
9054,0
5218,0
10406,1
9332,2
8926,0
8924,0
8920,1
8929,1
7502,1
779,0
77,0
76,1
75,1
2979,0
6868,1
6869,1
7106,0
3382,0
2976,0
3053,0
2974,0
8989,0
5365,1
4031,3
10019,0
1687,1
1686,0
9238,1
5588,0
7199,0
4305,0
668,2
667,0
666,1
1261,0
1266,0
1911,1
11054,0
11056,2
10012,0
11058,0
8782,0
8785,2
8784,0
3129,1
7618,0
3122,0
7615,0
7616,1
3121,0
7610,0
7611,0
3124,0
7613,0
9232,1
1465,1
8,0
8653,0
1466,1
8655,0
8654,2
68,2
8431,0
1315,0
8435,0
8437,1
8436,0
8438,0
5028,0
6914,3
5752,4
9827,1
6442,2
9820,0
6912,1
5754,0
4235,2
4231,0
5155,0
10017,1
7728,2
7721,4
7725,0
7726,1
3949,2
11782,1
6911,1
3945,0
6709,1
11203,0
11205,0
11204,1
8512,0
6704,0
9910,1
9912,0
4126,0
7434,2
7435,0
7432,1
6213,1
5680,1
5682,0
7971,0
6675,1
6674,0
6676,0
6671,1
6670,5
6673,2
6679,4
9843,0
4055,2
4053,0
11517,0
11516,0
5978,0
5674,3
10860,1
10867,0
8698,0
2298,0
2291,3
5677,0
2295,0
6938,0
2568,1
9848,1
2560,4
2562,0
2564,0
2567,1
2566,0
10914,1
8693,1
2369,1
5906,1
2365,0
11422,0
2363,5
7926,0
9132,0
9130,1
2583,0
9136,1
2581,1
9139,1
10313,0
10642,2
11001,0
5027,0
2588,0
1861,4
1860,0
1863,0
4443,0
1869,1
3727,0
3723,1
4930,4
4687,4
8667,0
4934,0
4935,0
962,0
6298,0
6297,1
6296,2
6294,0
9689,0
6055,0
5213,2
10005,1
10006,0
10007,0
10001,0
5119,0
5118,1
9229,0
9228,2
9227,1
9226,3
9591,1
9590,1
9221,0
3439,1
3430,0
3432,0
3433,2
3434,0
2037,0
2030,1
9,2
2748,1
10482,3
4840,0
10261,1
893,1
10266,0
10268,0
10269,0
5254,1
5201,1
5200,0
9049,0
10462,0
9042,0
9047,2
10468,3
9044,0
3545,1
3540,1
3543,0
11190,0
1619,1
3549,0
8912,0
8916,2
8914,0
11848,0
1788,0
1789,0
2967,0
2961,1
11197,0
11198,1
1785,5
1786,3
5190,0
7112,0
7111,0
7117,1
6878,0
6877,0
3043,1
7118,0
3045,0
2886,1
1076,0
1077,0
1072,0
1073,1
1070,0
1071,0
1678,0
1672,3
8222,1
8223,2
1091,1
4339,2
8228,1
7291,1
4331,0
4649,0
3131,3
3132,0
3139,1
933,1
1915,0
1418,1
6393,1
8464,0
1914,0
8465,0
8682,1
6906,0
9852,0
6452,0
6903,0
8139,3
8684,0
5766,2
6458,1
5764,0
8689,1
5762,0
6908,0
8340,0
5568,1
5569,1
5565,0
5560,0
11474,1
5562,0
7739,4
7738,1
1523,2
7736,0
1259,0
5580,0
305,0
3954,0
8358,1
4117,1
4114,0
4115,0
4112,2
﻿9823,0
11218,0
8353,1
8357,0
7892,1
7425,4
7424,0
2251,0
7420,0
73,0
7105,0
5184,0
5012,0
2474,5
6604,1
6606,0
3057,0
6608,0
6609,0
10857,1
10856,1
10855,0
4067,1
4064,2
10850,0
4069,1
5948,0
2770,0
5786,0
5780,0
5781,0
4892,0
4788,2
3602,1
3601,2
3600,0
4897,0
3609,0
10045,1
3891,0
6114,1
6117,1
6110,1
6111,2
10923,0
2359,0
10927,0
11436,1
2355,0
7282,0
10679,0
7280,1
9458,1
7286,0
7936,1
9106,2
9455,1
7289,0
10670,0
10677,0
9451,0
9453,1
4457,0
1895,1
3734,2
6793,1
9140,0
1892,1
4690,1
4693,2
2135,4
2132,2
4697,0
4924,0
9146,0
4929,0
955,1
2138,3
2139,0
11727,0
1442,1
6025,1
6026,1
6027,0
5160,0
6266,3
5162,0
10072,3
10075,2
10074,2
5166,1
10076,2
5168,0
10078,3
2642,0
2647,0
9210,0
9216,0
9217,2
9214,0
9215,0
3425,0
10996,0
6335,1
6337,0
6333,2
4854,1
4853,0
4582,0
10294,1
10291,0
10290,0
10293,1
9079,0
9674,0
9675,2
9676,0
5322,1
9672,1
9673,0
10104,2
10458,0
10100,3
10103,0
6964,0
3552,2
3550,0
11607,0
3558,2
8624,2
2078,1
11851,0
11853,0
8901,1
8900,1
11856,1
11182,2
11186,0
11187,1
11185,1
1793,1
2919,0
1796,0
7128,0
7129,0
7126,1
6843,1
7124,0
6841,0
6846,0
6847,1
7120,0
5308,1
1068,0
11051,1
1063,0
5307,1
1666,1
8233,1
1086,1
10762,1
8237,1
8236,0
8235,4
599,2
4320,1
1089,1
11059,0
3149,3
2826,0
2820,1
5414,0
7638,0
5410,0
7637,1
7634,2
5134,1
1406,1
4215,0
4210,0
1335,1
1331,0
444,0
6932,0
9842,0
9841,0
6931,2
6936,2
9846,1
8129,0
8127,0
5770,1
9849,1
8696,2
8123,0
9837,0
5777,3
7706,0
5578,0
33,0
5576,0
37,0
36,0
5571,0
1247,0
646,1
3098,2
1539,0
334,1
331,5
4100,1
11227,0
11225,0
11224,0
11223,0
8345,0
10421,1
9422,0
3898,1
3892,2
3893,1
7419,0
3896,0
3897,3
3894,3
2922,0
6610,0
6617,0
6615,0
6614,0
6618,0
1467,0
8953,0
5955,0
10845,0
5957,0
4076,0
11537,0
3964,1
3965,0
5792,0
5772,0
5790,1
3636,1
2345,0
2347,3
2346,1
11403,0
11402,0
11401,0
6106,1
6104,0
2348,2
11409,0
4899,2
9118,1
9449,1
9448,0
9111,2
9446,1
9444,0
9442,1
9440,0
10664,2
4465,0
4461,0
5753,0
2124,2
4918,0
6447,4
946,2
4665,2
945,0
4662,0
4663,0
11713,2
6039,0
6038,1
11716,0
11715,0
11714,1
6031,1
6030,3
6037,2
6035,2
5756,0
9205,1
8388,0
10060,0
9206,2
9201,0
9200,0
10065,0
10068,0
2650,0
6102,2
3417,0
3410,0
3411,1
7386,1
7387,1
10835,1
6327,2
9688,1
6324,0
9681,0
2011,1
6329,2
6328,1
6838,0
9065,0
10287,1
10283,3
10280,0
10281,2
9664,0
10118,2
9660,1
10444,1
11021,0
10446,1
10447,1
10113,0
10442,9
7254,2
7257,0
7250,0
5599,0
4487,0
4480,0
4482,0
10599,1
4488,2
8975,0
6855,0
6854,1
6857,0
2900,1
6561,2
6790,0
700,1
6858,0
702,0
7139,1
89,1
9808,1
7137,1
5319,0
7015,1
5310,0
5317,2
5316,2
5314,1
8804,0
9447,0
8806,0
8807,2
8801,2
8802,0
1650,0
1657,0
1655,1
8759,0
6585,0
8209,0
6588,2
8201,0
7625,0
3152,1
7627,0
3155,1
11083,0
11082,0
3158,0
6874,0
5406,0
5405,0
5404,0
1430,1
3396,1
3399,1
5409,3
5408,0
6873,0
4260,0
4263,0
4265,1
5236,0
5167,3
9876,2
9877,0
6927,0
8111,0
9872,0
9870,0
8115,0
11154,0
5548,2
5549,3
7715,0
3259,4
11153,2
11152,0
7719,1
5540,0
5541,1
5544,2
1503,2
1505,0
8597,0
8594,0
8595,0
8593,0
8590,0
8373,2
8378,1
8379,0
8574,0
5892,0
5893,3
5894,3
5895,1
8572,1
8573,0
11231,0
11236,1
1992,0
11201,0
3887,0
2015,2
3888,1
7507,0
4916,0
10645,6
7406,0
7403,1
11527,0
11521,0
6628,0
6629,2
6625,1
6623,1
4003,2
4006,2
4007,0
3971,1
9897,1
9891,0
9892,0
9893,0
9526,0
5934,0
11411,0
11412,0
11414,0
6133,0
6137,0
10949,0
10641,2
1880,0
6034,0
10945,1
3715,1
9479,2
9472,0
9473,1
9471,1
9476,3
9474,1
8979,3
4474,2
4909,0
6007,1
6005,0
9202,1
4904,0
6009,2
11708,0
11709,1
11705,1
2651,0
2243,0
7395,0
9271,1
9272,0
7396,0
7391,0
10728,2
5148,2
10727,1
10054,1
10721,1
10052,0
5140,0
5141,0
3403,0
123,1
3404,1
3409,2
7221,0
4877,1
4871,0
8984,1
5132,0
363,1
7089,0
2798,0
6317,0
10617,0
6315,0
10619,1
6318,0
2063,1
2797,4
2795,1
9094,1
1182,0
9097,1
9091,3
1183,0
9164,0
10128,2
9657,1
9655,0
10123,0
9306,0
10120,7
10435,0
10124,1
7247,2
7246,0
7242,0
10347,1
5093,1
3571,0
7248,1
9781,1
4495,1
10696,1
6820,0
6821,0
6822,0
6823,1
6824,2
6825,2
6827,0
9819,0
5326,2
10547,0
10546,2
10541,1
11899,0
10543,0
10549,1
1645,0
1641,0
8817,1
8814,1
8813,1
8812,1
8819,0
8219,3
8218,0
8211,1
8210,1
8744,0
11098,0
8742,1
8217,1
8216,0
7651,1
7653,3
7656,0
6491,0
7076,0
1161,1
7097,0
5436,0
3369,2
1427,2
5435,0
3365,0
1163,0
6173,5
732,0
4273,0
8104,1
8106,3
9566,0
1352,1
467,2
8108,3
1200,0
9869,0
4862,0
6488,0
6489,1
6950,0
9860,2
9863,0
6953,0
6242,1
6956,2
11142,0
11143,0
11141,0
11148,0
2162,5
8589,1
8588,1
5523,0
1515,0
2012,1
1510,4
8365,0
8366,0
10844,1
8567,2
5383,0
5887,2
5886,1
5884,0
8275,0
6555,2
6556,0
5642,2
6553,1
10520,1
6558,1
7479,0
3181,0
5646,1
3188,0
6638,1
11556,0
6630,0
6633,2
6634,0
6637,1
11396,0
11395,0
11391,0
4010,1
11399,0
11398,2
9884,0
7501,0
9881,0
3984,0
9888,0
9661,0
10116,2
6127,1
6126,0
2323,1
2327,3
4709,0
10441,1
288,0
10959,0
9669,3
283,1
10956,0
284,1
10954,0
286,2
3760,2
2290,3
3764,4
3765,0
3766,1
6109,1
3769,1
2366,0
260,0
8875,0
6013,1
6012,0
6017,3
6016,0
1564,5
2493,1
2492,0
4644,2
7898,0
3242,0
2253,1
7893,4
7890,2
7891,1
9262,1
9261,3
9260,3
10736,2
5150,0
10732,0
10733,0
10046,1
7874,0
7875,0
7877,1
110,0
7873,0
4800,3
3227,1
4802,0
5791,1
4806,1
4807,1
10602,1
9464,0
9467,1
9466,0
10606,1
10605,1
6305,1
6307,1
9468,2
6303,3
6302,2
10136,1
9089,0
9084,0
9080,1
9649,0
10422,1
10423,1
9647,1
9646,1
10426,7
10424,1
9310,0
3508,2
6538,1
8952,0
7277,0
8951,1
3502,0
7279,0
3504,2
5086,0
3506,2
9792,1
9791,2
2675,0
8008,0
9799,0
6837,2
6836,3
2921,1
488,2
2924,0
10554,2
10555,1
10552,1
10553,1
10550,0
11315,0
1986,1
11586,0
3217,2
1638,0
483,3
3218,0
3219,0
482,0
8823,0
8820,0
8824,1
8828,0
2817,6
2811,1
2810,0
2813,0
2178,0
6859,0
8770,1
564,0
2818,1
7643,0
7642,0
7644,1
3171,0
7649,0
7648,0
3175,0
7080,1
5428,0
3379,0
7086,0
5425,1
7088,0
5426,1
3373,1
5420,0
5422,1
5636,0
8174,1
8175,2
8176,1
7927,3
4245,1
4243,0
7293,1
5525,0
6548,0
6944,0
11171,0
11170,3
10469,0
11176,1
8205,0
49,0
46,2
43,1
1569,1
1298,2
1299,2
1362,0
1296,0
6279,0
1566,1
1567,1
5022,0
8399,1
8395,2
475,0
8553,0
8556,0
2589,1
8558,0
8007,2
6545,2
5639,2
4391,0
4392,0
4397,0
3197,0
3195,1
3194,0
3193,0
3192,0
1360,0
1361,1
7462,0
478,0
1369,2
3199,0
169,1
